structure(list(Mese = c(1L, 2L, 3L, 4L, 5L, 6L, 7L, 8L, 9L, 10L, 
11L, 12L, 1L, 2L, 3L, 4L, 5L, 6L, 7L, 8L, 9L, 10L, 11L, 12L, 
1L, 2L, 3L, 4L, 5L, 6L, 7L, 8L, 9L, 10L, 11L, 12L, 1L, 2L, 3L, 
4L, 5L, 6L, 7L, 8L, 9L, 10L, 11L, 12L, 1L, 2L, 3L, 4L, 5L, 6L, 
7L, 8L, 9L, 10L, 11L, 12L, 1L, 2L, 3L, 4L, 5L, 6L, 7L, 8L, 9L, 
10L, 11L, 12L, 1L, 2L, 3L, 4L, 5L, 6L, 7L, 8L, 9L, 10L, 11L, 
12L, 1L, 2L, 3L, 4L, 5L, 6L, 7L, 8L, 9L, 10L, 11L, 12L, 1L, 2L, 
3L, 4L, 5L, 6L, 7L, 8L, 9L, 10L, 11L, 12L, 1L, 2L, 3L, 4L, 5L, 
6L, 7L, 8L, 9L, 10L, 11L, 12L, 1L, 2L, 3L, 4L, 5L, 6L, 7L, 8L, 
9L, 10L, 11L, 12L), Anno = c(2009L, 2009L, 2009L, 2009L, 2009L, 
2009L, 2009L, 2009L, 2009L, 2009L, 2009L, 2009L, 2010L, 2010L, 
2010L, 2010L, 2010L, 2010L, 2010L, 2010L, 2010L, 2010L, 2010L, 
2010L, 2011L, 2011L, 2011L, 2011L, 2011L, 2011L, 2011L, 2011L, 
2011L, 2011L, 2011L, 2011L, 2012L, 2012L, 2012L, 2012L, 2012L, 
2012L, 2012L, 2012L, 2012L, 2012L, 2012L, 2012L, 2013L, 2013L, 
2013L, 2013L, 2013L, 2013L, 2013L, 2013L, 2013L, 2013L, 2013L, 
2013L, 2014L, 2014L, 2014L, 2014L, 2014L, 2014L, 2014L, 2014L, 
2014L, 2014L, 2014L, 2014L, 2015L, 2015L, 2015L, 2015L, 2015L, 
2015L, 2015L, 2015L, 2015L, 2015L, 2015L, 2015L, 2016L, 2016L, 
2016L, 2016L, 2016L, 2016L, 2016L, 2016L, 2016L, 2016L, 2016L, 
2016L, 2017L, 2017L, 2017L, 2017L, 2017L, 2017L, 2017L, 2017L, 
2017L, 2017L, 2017L, 2017L, 2018L, 2018L, 2018L, 2018L, 2018L, 
2018L, 2018L, 2018L, 2018L, 2018L, 2018L, 2018L, 2019L, 2019L, 
2019L, 2019L, 2019L, 2019L, 2019L, 2019L, 2019L, 2019L, 2019L, 
2019L), Budget = c(2659.12872448098, 630.230673588812, 1693.02053633146, 
2859.00065233, 3387.7251179656, 1735.93102523591, 1764.20646847691, 
3243.89155942481, 1830.91618434992, 802.132398821414, 2586.58598642796, 
939.713000436313, 1032.70815359429, 1549.53467752784, 1564.93286590558, 
1455.44155011885, 623.79892275203, 2725.58412980288, 1825.66019392107, 
3439.05191600788, 611.693351645954, 3610.05394777749, 712.978004594333, 
2344.82527920045, 3858.78102737479, 3096.61108581349, 2363.44212386757, 
3997.06535437144, 3642.17907807324, 1943.49055341445, 610.226556076668, 
1507.75435985997, 3130.61750365887, 1072.85431656055, 2178.09192556888, 
1024.364634417, 1177.85663262475, 2801.19004391599, 3863.7276586378, 
1588.62678485457, 1661.91749938298, 3573.56994703878, 2770.04815381952, 
2151.82676888071, 2331.89807948656, 2197.38885597326, 3906.52566670906, 
2550.52194488235, 3892.41214701906, 1550.86081847548, 3153.68210885208, 
664.880879572593, 2766.2127178628, 3798.31945721526, 2298.27655944973, 
1906.08981461264, 603.649429860525, 2725.81286204513, 3515.11218084488, 
1729.53032725491, 1587.2948425822, 576.620386447757, 3447.0230625011, 
3400.17291507684, 2461.86384628527, 2120.53190276492, 904.127441463061, 
2554.52693940606, 2969.14066118188, 1971.88558755443, 1884.58556612022, 
3372.21713387407, 614.528037491255, 581.725883879699, 1070.26784331538, 
2858.50816802122, 2171.17270047311, 3232.27623081766, 2586.81615453679, 
2723.67965977173, 3315.36063191015, 2321.26291806344, 3511.04976225179, 
3606.94222443271, 805.504830554128, 1641.73471264075, 3080.59283043258, 
1141.59043866675, 2606.50029138196, 3324.77562210988, 2765.52508363966, 
3307.05352197401, 3833.85698881466, 3867.77469422668, 1191.64631469175, 
526.448246790096, 3228.82789536379, 699.654509779066, 3013.64454312716, 
1595.91550682671, 1841.4442751091, 2819.54419100657, 3587.28958538268, 
998.48793016281, 919.858839712106, 3322.94123165775, 1173.45933523029, 
1106.5394555917, 3512.25899904966, 3509.66832903214, 2573.41782271396, 
3271.43076003995, 3085.74394637253, 3431.68047850486, 3417.03774582129, 
1949.99424752314, 963.962650275789, 1689.53645171132, 2300.04027707037, 
2919.85352302436, 1815.1285542408, 3953.46428861376, 1761.45745301619, 
1219.69235583674, 1313.93627286889, 1254.14981506765, 561.434438219294, 
3646.46318403538, 2542.6975232549, 2183.59731591772, 3502.78783810791, 
3851.66952002328), N_rec = c(6L, 6L, 5L, 6L, 4L, 8L, 10L, 3L, 
8L, 9L, 6L, 4L, 4L, 5L, 5L, 11L, 3L, 3L, 5L, 7L, 2L, 4L, 9L, 
4L, 6L, 3L, 5L, 3L, 2L, 6L, 4L, 10L, 8L, 9L, 2L, 9L, 9L, 6L, 
2L, 7L, 3L, 2L, 4L, 4L, 2L, 6L, 6L, 3L, 6L, 4L, 3L, 5L, 6L, 4L, 
8L, 6L, 6L, 5L, 1L, 8L, 11L, 10L, 7L, 2L, 2L, 5L, 11L, 7L, 4L, 
7L, 7L, 6L, 6L, 7L, 11L, 4L, 3L, 8L, 8L, 7L, 1L, 3L, 9L, 4L, 
5L, 7L, 1L, 5L, 2L, 5L, 4L, 5L, 4L, 6L, 7L, 6L, 2L, 2L, 4L, 6L, 
11L, 5L, 4L, 6L, 2L, 5L, 4L, 4L, 9L, 1L, 8L, 8L, 5L, 5L, 5L, 
6L, 3L, 10L, 4L, 7L, 7L, 5L, 6L, 6L, 7L, 7L, 6L, 7L, 5L, 2L, 
6L, 6L)), row.names = c(NA, -132L), class = "data.frame")
