structure(list(Mese = c(1L, 2L, 3L, 4L, 5L, 6L, 7L, 8L, 9L, 10L, 
11L, 12L, 1L, 2L, 3L, 4L, 5L, 6L, 7L, 8L, 9L, 10L, 11L, 12L, 
1L, 2L, 3L, 4L, 5L, 6L, 7L, 8L, 9L, 10L, 11L, 12L, 1L, 2L, 3L, 
4L, 5L, 6L, 7L, 8L, 9L, 10L, 11L, 12L, 1L, 2L, 3L, 4L, 5L, 6L, 
7L, 8L, 9L, 10L, 11L, 12L, 1L, 2L, 3L, 4L, 5L, 6L, 7L, 8L, 9L, 
10L, 11L, 12L, 1L, 2L, 3L, 4L, 5L, 6L, 7L, 8L, 9L, 10L, 11L, 
12L, 1L, 2L, 3L, 4L, 5L, 6L, 7L, 8L, 9L, 10L, 11L, 12L, 1L, 2L, 
3L, 4L, 5L, 6L, 7L, 8L, 9L, 10L, 11L, 12L, 1L, 2L, 3L, 4L, 5L, 
6L, 7L, 8L, 9L, 10L, 11L, 12L, 1L, 2L, 3L, 4L, 5L, 6L, 7L, 8L, 
9L, 10L, 11L, 12L), Anno = c(2009L, 2009L, 2009L, 2009L, 2009L, 
2009L, 2009L, 2009L, 2009L, 2009L, 2009L, 2009L, 2010L, 2010L, 
2010L, 2010L, 2010L, 2010L, 2010L, 2010L, 2010L, 2010L, 2010L, 
2010L, 2011L, 2011L, 2011L, 2011L, 2011L, 2011L, 2011L, 2011L, 
2011L, 2011L, 2011L, 2011L, 2012L, 2012L, 2012L, 2012L, 2012L, 
2012L, 2012L, 2012L, 2012L, 2012L, 2012L, 2012L, 2013L, 2013L, 
2013L, 2013L, 2013L, 2013L, 2013L, 2013L, 2013L, 2013L, 2013L, 
2013L, 2014L, 2014L, 2014L, 2014L, 2014L, 2014L, 2014L, 2014L, 
2014L, 2014L, 2014L, 2014L, 2015L, 2015L, 2015L, 2015L, 2015L, 
2015L, 2015L, 2015L, 2015L, 2015L, 2015L, 2015L, 2016L, 2016L, 
2016L, 2016L, 2016L, 2016L, 2016L, 2016L, 2016L, 2016L, 2016L, 
2016L, 2017L, 2017L, 2017L, 2017L, 2017L, 2017L, 2017L, 2017L, 
2017L, 2017L, 2017L, 2017L, 2018L, 2018L, 2018L, 2018L, 2018L, 
2018L, 2018L, 2018L, 2018L, 2018L, 2018L, 2018L, 2019L, 2019L, 
2019L, 2019L, 2019L, 2019L, 2019L, 2019L, 2019L, 2019L, 2019L, 
2019L), Budget = c(1407.99334552139, 1280.08460917044, 2479.79020210914, 
3148.27546488959, 2843.61241071019, 2412.82978001982, 3340.12280218303, 
3157.08380716387, 570.239631691948, 1833.16295046825, 678.08039765805, 
3292.66028048005, 3732.94724617153, 2399.0942966193, 3483.27610059641, 
2542.4700215226, 2839.13275226951, 2289.60108780302, 3169.6270625107, 
3661.76800767425, 3371.66079261806, 750.011473661289, 513.637200696394, 
682.69515549764, 3532.96062909067, 2516.85809122864, 1598.44900213648, 
3858.13024325762, 2569.17814956978, 2359.93267525919, 1843.77835039049, 
1618.43630322255, 3329.35189350974, 646.718244650401, 1773.09943153523, 
3498.08938440401, 2942.81302473973, 2895.70265542716, 1718.05268456228, 
2441.38640293386, 980.352661455981, 3247.26044712588, 3604.01900054421, 
1214.33559153229, 3197.18036509585, 2587.27036265191, 3851.84409841895, 
1055.40939164348, 2340.90995951556, 3556.02978635579, 3543.971245992, 
582.910251338035, 3915.61392717995, 2215.78469371889, 1862.0961306151, 
1961.44235960674, 825.240371748805, 1066.33223569952, 1918.95773308352, 
1696.35055458639, 1953.40108626988, 1564.18364180718, 2460.98188112956, 
1045.55952700321, 3848.02917449269, 653.883188730106, 1802.55209957249, 
3869.15369494818, 2758.99630505592, 714.41915014293, 1934.81074972078, 
1990.66796922125, 2278.55329646263, 2073.59968766104, 2681.41484225634, 
989.922758657485, 3677.81240283512, 2493.05146164261, 2418.98200870492, 
908.89667882584, 3167.09916316904, 2174.29306346457, 3236.89120134804, 
661.092920112424, 3369.4563372992, 1442.92956602294, 1489.9764508009, 
2751.2754581403, 3818.4159322409, 524.494590586983, 1730.66185205244, 
1966.6600371711, 2102.56878973451, 2990.92402763199, 3719.46820185985, 
2694.88745206036, 3657.6362241758, 3150.652057142, 982.504279818386, 
1036.39207303058, 1169.59265409969, 2016.14799210802, 805.267556454055, 
1283.230003668, 2502.52037832979, 1900.59212432243, 2479.12883234676, 
3403.68357545231, 2747.39836819936, 1870.24563096929, 2983.52949158289, 
880.884255864657, 1457.67956983764, 2578.53426435031, 1060.64684700686, 
3487.00583574828, 3467.08705206402, 2172.60384385008, 3207.92242849711, 
1533.90028176364, 729.698391398415, 2041.86593694612, 2117.34600248747, 
1693.27029562555, 1147.99111546017, 2274.49204400182, 567.168607260101, 
3207.90113823023, 2458.82777730003, 2745.11923722457, 2139.51241527684, 
1477.28333726991), N_rec = c(6L, 9L, 6L, 4L, 7L, 4L, 5L, 4L, 
6L, 6L, 5L, 5L, 4L, 3L, 5L, 6L, 3L, 6L, 4L, 4L, 7L, 9L, 7L, 7L, 
3L, 2L, 6L, 0L, 8L, 12L, 7L, 9L, 7L, 7L, 6L, 3L, 6L, 3L, 5L, 
7L, 9L, 3L, 3L, 6L, 2L, 7L, 4L, 4L, 11L, 5L, 6L, 10L, 6L, 8L, 
7L, 7L, 5L, 2L, 5L, 5L, 5L, 4L, 4L, 6L, 6L, 6L, 3L, 1L, 7L, 7L, 
8L, 3L, 3L, 3L, 7L, 9L, 10L, 6L, 4L, 5L, 7L, 7L, 3L, 9L, 7L, 
7L, 7L, 9L, 8L, 8L, 3L, 8L, 6L, 4L, 3L, 4L, 4L, 8L, 5L, 7L, 5L, 
4L, 9L, 5L, 3L, 3L, 9L, 5L, 3L, 6L, 5L, 10L, 8L, 6L, 8L, 6L, 
4L, 4L, 5L, 5L, 10L, 5L, 3L, 11L, 5L, 5L, 8L, 5L, 4L, 3L, 9L, 
7L)), row.names = c(NA, -132L), class = "data.frame")
