structure(list(Assets = c(2687, 13621, 3614, 6425, 1022, 1093, 
1529, 2788, 19788, 327, 1117, 5401, 1633, 5651, 278, 5074, 866, 
4418, 6914, 862, 401, 430, 799, 4789, 2548, 5249, 3494, 1804, 
26432, 623, 1608, 4662, 5769, 6259, 1654, 52634, 1679, 4178, 
223, 3720, 3442, 33406, 1257, 1743, 12505, 3940, 8998, 21419, 
2366, 2448, 1440, 14045, 4084, 3010, 1286, 707, 3086, 252, 11052, 
9672, 1112, 1104, 478, 10348, 752, 10528, 1995, 2286, 952, 2957, 
2535, 13271, 1128, 44736, 5835, 999, 6307, 2769, 4989), Sales = c(1870, 
4848, 367, 6131, 1754, 1679, 1295, 271, 9084, 542, 1038, 550, 
701, 1254, 205, 2557, 1487, 8793, 7029, 1601, 176, 1155, 1140, 
453, 264, 527, 1653, 2564, 28285, 2247, 6615, 4781, 6571, 4152, 
451, 50056, 1354, 17124, 557, 356, 5080, 3222, 355, 597, 1302, 
4317, 882, 2516, 3305, 3484, 1617, 15636, 4346, 749, 1734, 706, 
1739, 312, 1097, 1037, 3689, 5123, 672, 5721, 2149, 14992, 2662, 
2235, 1307, 2806, 5958, 9115, 1516, 16197, 4053, 1878, 8199, 
3725, 518), MarketValue = c(1530.52502341966, 3568.73593445671, 
131.42149133049, 2436.20722757629, 584.870978087076, 1251.78065968621, 
60.360505195086, 154.237931411481, 5131.82627305271, 322.900694764106, 
563.574107867125, 242.103411284868, 675.561308055799, 2155.83701164367, 
594.752331796999, 2040.77461791318, 1824.12938690735, 1712.40936890766, 
4130.87168293812, 1075.55221568463, 423.729141784879, 794.55286286337, 
555.532409203725, 377.9950024889, 268.383317481872, 362.786058663047, 
2990.70027133511, 1484.56370043428, 22748.4681675337, 833.995613444806, 
1775.2330482314, 1030.19828572833, 11950.445014032, 12059.3969175039, 
584.03239450517, 71041.6610217408, 1856.48326529579, 2975.47828732837, 
225.292418055466, 267.01602057372, 6852.82963191338, 1537.83383074618, 
1220.8340906798, 1965.60919972461, 1010.37631324936, 3179.59056678643, 
790.743017079952, 916.154694529686, 1965.83756590926, 724.386674995817, 
800.694208340109, 8304.18504348578, 3647.5696351027, 966.887305583664, 
876.286253377426, 401.313347382909, 2266.09965285765, 181.368340586775, 
1233.1590780862, 545.375422673445, 766.290425180355, 935.498410342794, 
491.38148684625, 1762.22365455847, 189.618839040952, 2956.51622894535, 
390.586699618196, 1082.89220472772, 469.677952734317, 323.708103392332, 
2802.78070778828, 8190, 430, 4653, 1601, 393, 598, 663, 53), 
    Profits = c(145.7, 485, 14.1, 345.8, 72, 100.9, 25.6, 23.5, 
    1092.9, 54.1, 59.7, 25.6, 74.3, 310.7, 44.8, 239.9, 71.7, 
    283.6, 400.6, 66.9, 55.6, 55.7, 57.6, 40.2, 22.2, 37.8, 160.9, 
    70.5, 2336, 57, 56.1, 28.7, 482, 283.7, 84.8, 6555, 93.8, 
    180.8, 60.6, 26.6, 235.4, 201.7, 167.5, 121.6, 108.4, 315.2, 
    93, 107.6, 131.2, 48.8, 81.7, 418, 302.7, 146.3, 69.2, 61.4, 
    202.7, 41.7, 64.9, 92.6, 30.3, 63.7, 67.1, 223.6, 11.1, 312.7, 
    34.7, 195.3, 35.4, 40.6, 177, -279, -47, -732.5, -93.8, -173.5, 
    -771.5, -208.4, -3.1), CashFlow = c(352.2, 898.9, 24.6, 682.5, 
    119.5, 164.5, 137, 28.9, 2576.8, 72.5, 91.7, 37.5, 135.9, 
    407.9, 50.5, 578.3, 115.4, 456.5, 754.7, 106.8, 57, 70.8, 
    89.2, 51.4, 26.2, 56.2, 320.3, 164.9, 3562, 93.8, 134, 371.5, 
    792, 524.5, 130.4, 9874, 154.6, 390.4, 63.7, 34.8, 361.5, 
    246.7, 304, 172.4, 131.4, 566.3, 119, 164.7, 256.5, 257.1, 
    126.4, 1462, 521.7, 209.2, 145.7, 77.8, 335.2, 60.6, 97.6, 
    118.2, 96.9, 133.3, 101.6, 322.5, 15.2, 710.7, 100.7, 219, 
    92.8, 93.5, 288, 83, 26.7, -651.9, 173.8, -108.1, -524.3, 
    12.4, -0.3), Employees = c(18.2, 23.4, 1.1, 49.5, 4.8, 20.8, 
    19.4, 2.1, 79.4, 2.8, 3.8, 4.1, 2.8, 6.2, 3.8, 21.9, 12.6, 
    128, 87.3, 16, 0.7, 22.5, 15.4, 3, 2.1, 4.1, 6.4, 26.6, 304, 
    18.6, 65, 66.2, 83, 62, 1.6, 400.2, 4.6, 164.6, 1.9, 2.4, 
    77.3, 15.8, 0.6, 3.5, 9, 62, 7.4, 15.6, 25.2, 25.4, 3.5, 
    27.3, 37.5, 3.4, 14.3, 6.1, 4.9, 3.3, 7, 8.2, 43.5, 48.5, 
    5.4, 49.5, 2.6, 184.8, 2.3, 8, 10.3, 50, 118.1, 143.8, 13.2, 
    48.5, 10.8, 23.3, 57.5, 29.1, 0.8), sector = c("Other", "Energy", 
    "Finance", "Transportation", "HiTech", "Manufacturing", "Other", 
    "Finance", "Communication", "Finance", "Energy", "Finance", 
    "Energy", "Energy", "Medical", "Communication", "Other", 
    "Retail", "HiTech", "Retail", "Finance", "HiTech", "Other", 
    "Finance", "Finance", "Finance", "Energy", "Manufacturing", 
    "HiTech", "Retail", "Retail", "Manufacturing", "HiTech", 
    "Medical", "Energy", "HiTech", "Energy", "Retail", "Other", 
    "Finance", "Retail", "Finance", "Energy", "Energy", "Finance", 
    "HiTech", "Finance", "Finance", "Manufacturing", "Transportation", 
    "Energy", "Energy", "Manufacturing", "Energy", "Transportation", 
    "Medical", "Energy", "Medical", "Finance", "Finance", "Retail", 
    "Retail", "HiTech", "Manufacturing", "Manufacturing", "Manufacturing", 
    "Energy", "Other", "Transportation", "Retail", "Retail", 
    "Other", "Manufacturing", "Finance", "Energy", "Transportation", 
    "Manufacturing", "Transportation", "Finance"), Banks = c(0, 
    0, 1, 0, 0, 0, 0, 1, 0, 0, 0, 1, 0, 0, 0, 0, 0, 0, 0, 0, 
    0, 0, 0, 1, 1, 1, 0, 0, 0, 0, 0, 0, 0, 0, 0, 0, 0, 0, 0, 
    1, 0, 1, 0, 0, 1, 0, 1, 1, 0, 0, 0, 0, 0, 0, 0, 0, 0, 0, 
    1, 1, 0, 0, 0, 0, 0, 0, 0, 0, 0, 0, 0, 0, 0, 0, 0, 0, 0, 
    0, 1)), row.names = c(1L, 3L, 4L, 5L, 6L, 7L, 8L, 9L, 10L, 
11L, 12L, 13L, 15L, 17L, 19L, 20L, 21L, 22L, 23L, 24L, 25L, 26L, 
27L, 28L, 29L, 30L, 31L, 32L, 33L, 34L, 35L, 36L, 37L, 38L, 39L, 
40L, 42L, 43L, 44L, 46L, 47L, 48L, 49L, 50L, 51L, 52L, 53L, 54L, 
55L, 56L, 57L, 58L, 59L, 60L, 61L, 62L, 63L, 64L, 65L, 66L, 67L, 
68L, 69L, 70L, 72L, 74L, 75L, 76L, 77L, 78L, 79L, 2L, 14L, 16L, 
18L, 41L, 45L, 71L, 73L), class = "data.frame")
