structure(list(Mese = c(1L, 2L, 3L, 4L, 5L, 6L, 7L, 8L, 9L, 10L, 
11L, 12L, 1L, 2L, 3L, 4L, 5L, 6L, 7L, 8L, 9L, 10L, 11L, 12L, 
1L, 2L, 3L, 4L, 5L, 6L, 7L, 8L, 9L, 10L, 11L, 12L, 1L, 2L, 3L, 
4L, 5L, 6L, 7L, 8L, 9L, 10L, 11L, 12L, 1L, 2L, 3L, 4L, 5L, 6L, 
7L, 8L, 9L, 10L, 11L, 12L, 1L, 2L, 3L, 4L, 5L, 6L, 7L, 8L, 9L, 
10L, 11L, 12L, 1L, 2L, 3L, 4L, 5L, 6L, 7L, 8L, 9L, 10L, 11L, 
12L, 1L, 2L, 3L, 4L, 5L, 6L, 7L, 8L, 9L, 10L, 11L, 12L, 1L, 2L, 
3L, 4L, 5L, 6L, 7L, 8L, 9L, 10L, 11L, 12L, 1L, 2L, 3L, 4L, 5L, 
6L, 7L, 8L, 9L, 10L, 11L, 12L, 1L, 2L, 3L, 4L, 5L, 6L, 7L, 8L, 
9L, 10L, 11L, 12L), Anno = c(2009L, 2009L, 2009L, 2009L, 2009L, 
2009L, 2009L, 2009L, 2009L, 2009L, 2009L, 2009L, 2010L, 2010L, 
2010L, 2010L, 2010L, 2010L, 2010L, 2010L, 2010L, 2010L, 2010L, 
2010L, 2011L, 2011L, 2011L, 2011L, 2011L, 2011L, 2011L, 2011L, 
2011L, 2011L, 2011L, 2011L, 2012L, 2012L, 2012L, 2012L, 2012L, 
2012L, 2012L, 2012L, 2012L, 2012L, 2012L, 2012L, 2013L, 2013L, 
2013L, 2013L, 2013L, 2013L, 2013L, 2013L, 2013L, 2013L, 2013L, 
2013L, 2014L, 2014L, 2014L, 2014L, 2014L, 2014L, 2014L, 2014L, 
2014L, 2014L, 2014L, 2014L, 2015L, 2015L, 2015L, 2015L, 2015L, 
2015L, 2015L, 2015L, 2015L, 2015L, 2015L, 2015L, 2016L, 2016L, 
2016L, 2016L, 2016L, 2016L, 2016L, 2016L, 2016L, 2016L, 2016L, 
2016L, 2017L, 2017L, 2017L, 2017L, 2017L, 2017L, 2017L, 2017L, 
2017L, 2017L, 2017L, 2017L, 2018L, 2018L, 2018L, 2018L, 2018L, 
2018L, 2018L, 2018L, 2018L, 2018L, 2018L, 2018L, 2019L, 2019L, 
2019L, 2019L, 2019L, 2019L, 2019L, 2019L, 2019L, 2019L, 2019L, 
2019L), Budget = c(734.415876446292, 3427.35249386169, 973.701045382768, 
2795.5733796116, 3432.81705083791, 1401.76798624452, 975.983497919515, 
3172.20944981091, 1241.98681663256, 1437.89359729271, 2361.4091812633, 
2159.40903592855, 1807.0528274402, 3213.72474986129, 2453.71389528736, 
1043.32817404065, 3962.96456945129, 1355.56250624359, 956.324792699888, 
1244.3839738844, 1830.01486922149, 1758.67409084458, 1559.31717134081, 
655.398997711018, 3771.74173470121, 2490.50960456952, 1272.80960779171, 
3572.86411349196, 2135.510822176, 2398.22435134556, 3245.39360869676, 
2767.54595339298, 1007.12601467967, 1625.73082000017, 3828.69453914464, 
1158.69471849874, 3126.41486967914, 2107.05466347281, 994.777671294287, 
1218.17576617468, 2863.52724861354, 983.105736784637, 1954.40295280423, 
2079.36461130157, 2680.31299393624, 1379.11004095804, 2124.53712301794, 
1079.28230171092, 3502.32258718461, 1047.93164052535, 809.160717995837, 
3626.96220166981, 1552.17177933082, 3132.30334874243, 1905.62326798681, 
2069.95337130502, 1058.85893071536, 1005.80547947902, 1022.13137212675, 
2300.51990947686, 2224.89557194058, 2657.1996898856, 2065.9801174188, 
694.868503254838, 518.887083395384, 1276.41970396508, 3478.37128385436, 
1435.71172142401, 2595.10095638689, 2630.09894033894, 3972.55454142578, 
1169.16486283299, 3136.86704612337, 1348.35568000562, 1646.08277007937, 
512.37423135899, 3990.98450259771, 2033.20826531854, 3991.91060720477, 
1188.51709202863, 890.168785117567, 1377.5775769027, 2881.66811084375, 
2520.39003861137, 1957.21553673502, 3052.13435250334, 2509.66406555381, 
2521.7230215203, 2564.99694602098, 1280.24919028394, 862.223045201972, 
3077.77109427843, 2643.41314684134, 3829.24326183274, 3859.56552962307, 
3106.92617530003, 2021.90550987143, 1111.7129806662, 2023.50824093446, 
3168.60365716275, 3716.6025886545, 3673.44154021703, 3354.2949014809, 
1199.13529930636, 673.689548624679, 2176.31983966567, 2566.3767909864, 
838.170825387351, 3828.11582216527, 1069.60098515265, 3725.27191916015, 
947.212754865177, 2819.58856678102, 3244.14674600121, 3176.14606628194, 
2853.99608686566, 904.830658342689, 3479.55520637333, 2662.86558192223, 
3427.44044598658, 1094.7487866506, 535.984270274639, 1632.1440594038, 
1443.8895357307, 3388.41474626679, 3767.81607954763, 947.270192787983, 
3696.6816218337, 2618.31881711259, 1900.99808259401, 2830.28356195427, 
3186.5974701941), N_rec = c(7L, 4L, 12L, 2L, 2L, 8L, 9L, 2L, 
6L, 7L, 5L, 12L, 7L, 4L, 3L, 5L, 2L, 2L, 6L, 8L, 11L, 6L, 6L, 
4L, 5L, 4L, 6L, 9L, 7L, 7L, 3L, 3L, 10L, 9L, 5L, 5L, 3L, 6L, 
7L, 5L, 7L, 2L, 7L, 8L, 9L, 8L, 4L, 5L, 7L, 2L, 10L, 4L, 6L, 
8L, 4L, 5L, 4L, 4L, 8L, 6L, 5L, 7L, 11L, 7L, 9L, 4L, 4L, 3L, 
3L, 3L, 3L, 6L, 5L, 8L, 5L, 13L, 5L, 4L, 3L, 5L, 7L, 9L, 3L, 
5L, 11L, 2L, 6L, 7L, 6L, 15L, 3L, 11L, 7L, 4L, 2L, 4L, 4L, 6L, 
8L, 2L, 3L, 6L, 1L, 9L, 12L, 7L, 1L, 7L, 5L, 2L, 6L, 9L, 4L, 
6L, 6L, 3L, 8L, 8L, 8L, 6L, 8L, 8L, 6L, 4L, 7L, 5L, 9L, 1L, 3L, 
7L, 2L, 6L)), row.names = c(NA, -132L), class = "data.frame")
