structure(list(Mese = c(1L, 2L, 3L, 4L, 5L, 6L, 7L, 8L, 9L, 10L, 
11L, 12L, 1L, 2L, 3L, 4L, 5L, 6L, 7L, 8L, 9L, 10L, 11L, 12L, 
1L, 2L, 3L, 4L, 5L, 6L, 7L, 8L, 9L, 10L, 11L, 12L, 1L, 2L, 3L, 
4L, 5L, 6L, 7L, 8L, 9L, 10L, 11L, 12L, 1L, 2L, 3L, 4L, 5L, 6L, 
7L, 8L, 9L, 10L, 11L, 12L, 1L, 2L, 3L, 4L, 5L, 6L, 7L, 8L, 9L, 
10L, 11L, 12L, 1L, 2L, 3L, 4L, 5L, 6L, 7L, 8L, 9L, 10L, 11L, 
12L, 1L, 2L, 3L, 4L, 5L, 6L, 7L, 8L, 9L, 10L, 11L, 12L, 1L, 2L, 
3L, 4L, 5L, 6L, 7L, 8L, 9L, 10L, 11L, 12L, 1L, 2L, 3L, 4L, 5L, 
6L, 7L, 8L, 9L, 10L, 11L, 12L, 1L, 2L, 3L, 4L, 5L, 6L, 7L, 8L, 
9L, 10L, 11L, 12L), Anno = c(2009L, 2009L, 2009L, 2009L, 2009L, 
2009L, 2009L, 2009L, 2009L, 2009L, 2009L, 2009L, 2010L, 2010L, 
2010L, 2010L, 2010L, 2010L, 2010L, 2010L, 2010L, 2010L, 2010L, 
2010L, 2011L, 2011L, 2011L, 2011L, 2011L, 2011L, 2011L, 2011L, 
2011L, 2011L, 2011L, 2011L, 2012L, 2012L, 2012L, 2012L, 2012L, 
2012L, 2012L, 2012L, 2012L, 2012L, 2012L, 2012L, 2013L, 2013L, 
2013L, 2013L, 2013L, 2013L, 2013L, 2013L, 2013L, 2013L, 2013L, 
2013L, 2014L, 2014L, 2014L, 2014L, 2014L, 2014L, 2014L, 2014L, 
2014L, 2014L, 2014L, 2014L, 2015L, 2015L, 2015L, 2015L, 2015L, 
2015L, 2015L, 2015L, 2015L, 2015L, 2015L, 2015L, 2016L, 2016L, 
2016L, 2016L, 2016L, 2016L, 2016L, 2016L, 2016L, 2016L, 2016L, 
2016L, 2017L, 2017L, 2017L, 2017L, 2017L, 2017L, 2017L, 2017L, 
2017L, 2017L, 2017L, 2017L, 2018L, 2018L, 2018L, 2018L, 2018L, 
2018L, 2018L, 2018L, 2018L, 2018L, 2018L, 2018L, 2019L, 2019L, 
2019L, 2019L, 2019L, 2019L, 2019L, 2019L, 2019L, 2019L, 2019L, 
2019L), Budget = c(647.378170397133, 1775.43878578581, 1458.12944427598, 
3476.63618251681, 1768.40599358547, 1565.67226711195, 3156.9736879319, 
3456.92118513398, 2102.72546380293, 3053.71082562488, 864.27522613667, 
1269.94112203829, 3838.82936707232, 3132.13139434811, 3366.34384142235, 
1962.21985609736, 2578.4347258741, 3295.88245227933, 3609.43027643953, 
1848.17057661712, 816.127294907346, 2690.10272982996, 3109.72676053643, 
798.824600642547, 1551.81163921952, 2650.96755058039, 3135.26220282074, 
3709.69996566419, 2165.12676991988, 2484.91813149303, 3078.17121129483, 
3501.06598553248, 3682.01276566833, 697.337788762525, 2260.179064353, 
1726.90670564771, 3459.44643032271, 3322.52307340968, 910.659295506775, 
2994.40294248052, 1323.44100310002, 762.348629184999, 3774.76151532028, 
1050.0873880228, 2764.70072509255, 1107.31211153325, 570.259032188915, 
2324.59846220445, 801.972626475617, 1490.50821119454, 1971.52215358801, 
2555.4734346224, 3323.43050360214, 1206.98323100805, 2107.98635100946, 
2068.50089854561, 3068.11715371441, 3001.64183694869, 3409.27692607511, 
3602.98142314423, 3834.25600896589, 2427.15852649417, 2328.17518140655, 
1097.44389355183, 2177.45045991614, 1388.37278774008, 639.23222955782, 
2721.80178423878, 2388.46319913864, 990.362424752675, 1492.99121892545, 
2540.60708323959, 1077.59062270634, 837.053887429647, 2000.14581973664, 
1745.16548006795, 3457.26738951635, 1410.46365781222, 581.005722633563, 
3518.39838887099, 1671.05786420871, 2711.26105100848, 2412.49190561939, 
1817.55572615657, 1150.55555279832, 2001.29206909332, 2707.70759496372, 
2322.94822938275, 2808.6746801855, 3052.76325962041, 2203.88005673885, 
1845.59815481771, 523.917280952446, 512.894796556793, 3982.27754049003, 
877.604080596939, 1965.34205425996, 3012.5959131401, 3098.88696286362, 
3551.99588299729, 2627.5378636783, 3146.71172958333, 3465.34454321954, 
2644.72877141088, 3276.28458722029, 579.991392092779, 1959.20092379674, 
3562.08835612051, 2765.71455446538, 3735.67645368166, 1102.78783610556, 
1605.3447619779, 3314.89697739016, 3961.37193916366, 1628.34943155758, 
504.170699394308, 3972.59716759436, 1019.23337124754, 672.775040147826, 
2590.73718916625, 1624.64955216274, 2347.75150113273, 3283.97707128897, 
741.264088894241, 2932.5724405935, 3820.2102757059, 1472.19261084683, 
1372.92304832954, 1058.02418047097, 750.705196056515, 2451.03154086974, 
2214.42968060728), N_rec = c(7L, 9L, 2L, 3L, 6L, 5L, 5L, 4L, 
6L, 3L, 4L, 6L, 5L, 6L, 8L, 8L, 6L, 7L, 2L, 4L, 6L, 5L, 6L, 10L, 
5L, 7L, 1L, 5L, 8L, 5L, 3L, 1L, 3L, 11L, 10L, 6L, 3L, 4L, 9L, 
4L, 4L, 6L, 3L, 5L, 5L, 6L, 4L, 2L, 5L, 12L, 6L, 5L, 6L, 8L, 
2L, 7L, 4L, 8L, 6L, 2L, 3L, 3L, 6L, 7L, 7L, 5L, 8L, 11L, 7L, 
3L, 6L, 2L, 6L, 9L, 1L, 8L, 4L, 8L, 8L, 5L, 8L, 6L, 4L, 3L, 12L, 
7L, 6L, 3L, 5L, 3L, 9L, 1L, 5L, 4L, 3L, 9L, 13L, 6L, 5L, 4L, 
9L, 2L, 2L, 8L, 4L, 3L, 7L, 4L, 6L, 3L, 4L, 3L, 5L, 4L, 4L, 5L, 
5L, 7L, 10L, 6L, 2L, 7L, 7L, 8L, 2L, 7L, 8L, 4L, 9L, 12L, 5L, 
4L)), row.names = c(NA, -132L), class = "data.frame")
