structure(list(Mese = c(1L, 2L, 3L, 4L, 5L, 6L, 7L, 8L, 9L, 10L, 
11L, 12L, 1L, 2L, 3L, 4L, 5L, 6L, 7L, 8L, 9L, 10L, 11L, 12L, 
1L, 2L, 3L, 4L, 5L, 6L, 7L, 8L, 9L, 10L, 11L, 12L, 1L, 2L, 3L, 
4L, 5L, 6L, 7L, 8L, 9L, 10L, 11L, 12L, 1L, 2L, 3L, 4L, 5L, 6L, 
7L, 8L, 9L, 10L, 11L, 12L, 1L, 2L, 3L, 4L, 5L, 6L, 7L, 8L, 9L, 
10L, 11L, 12L, 1L, 2L, 3L, 4L, 5L, 6L, 7L, 8L, 9L, 10L, 11L, 
12L, 1L, 2L, 3L, 4L, 5L, 6L, 7L, 8L, 9L, 10L, 11L, 12L, 1L, 2L, 
3L, 4L, 5L, 6L, 7L, 8L, 9L, 10L, 11L, 12L, 1L, 2L, 3L, 4L, 5L, 
6L, 7L, 8L, 9L, 10L, 11L, 12L, 1L, 2L, 3L, 4L, 5L, 6L, 7L, 8L, 
9L, 10L, 11L, 12L), Anno = c(2009L, 2009L, 2009L, 2009L, 2009L, 
2009L, 2009L, 2009L, 2009L, 2009L, 2009L, 2009L, 2010L, 2010L, 
2010L, 2010L, 2010L, 2010L, 2010L, 2010L, 2010L, 2010L, 2010L, 
2010L, 2011L, 2011L, 2011L, 2011L, 2011L, 2011L, 2011L, 2011L, 
2011L, 2011L, 2011L, 2011L, 2012L, 2012L, 2012L, 2012L, 2012L, 
2012L, 2012L, 2012L, 2012L, 2012L, 2012L, 2012L, 2013L, 2013L, 
2013L, 2013L, 2013L, 2013L, 2013L, 2013L, 2013L, 2013L, 2013L, 
2013L, 2014L, 2014L, 2014L, 2014L, 2014L, 2014L, 2014L, 2014L, 
2014L, 2014L, 2014L, 2014L, 2015L, 2015L, 2015L, 2015L, 2015L, 
2015L, 2015L, 2015L, 2015L, 2015L, 2015L, 2015L, 2016L, 2016L, 
2016L, 2016L, 2016L, 2016L, 2016L, 2016L, 2016L, 2016L, 2016L, 
2016L, 2017L, 2017L, 2017L, 2017L, 2017L, 2017L, 2017L, 2017L, 
2017L, 2017L, 2017L, 2017L, 2018L, 2018L, 2018L, 2018L, 2018L, 
2018L, 2018L, 2018L, 2018L, 2018L, 2018L, 2018L, 2019L, 2019L, 
2019L, 2019L, 2019L, 2019L, 2019L, 2019L, 2019L, 2019L, 2019L, 
2019L), Budget = c(3123.62483586185, 3716.34160808753, 2350.67888593767, 
1801.92561110016, 730.329123907723, 3490.29473296832, 2286.43955488224, 
1234.99320517294, 1815.45202841517, 1225.77924933285, 2107.3428603122, 
1345.25787527673, 915.416128351353, 753.642024006695, 2918.46447449643, 
1504.35166736133, 1022.94373442419, 3903.51203212049, 1936.80036615115, 
1906.34848980699, 2769.94722022209, 3707.07008882891, 1258.31748626661, 
2417.99605160486, 3020.1766025275, 1890.36101836246, 829.004874103703, 
2722.13741764426, 508.675835910253, 1236.83133930899, 2876.57983321697, 
3531.6619562218, 3298.93990443088, 972.487394232303, 1856.24390188605, 
3259.65175160673, 2925.19783310127, 2579.95539985131, 933.501779800281, 
2442.77335959487, 2072.93985725846, 3181.58285040408, 591.342025785707, 
1183.10001154896, 3584.32097686455, 884.305577143095, 3889.92824777961, 
1848.19507517386, 3505.0699255662, 3605.84664111957, 2211.82024490554, 
3013.32133135293, 2203.46950402018, 3960.48101328779, 726.628953590989, 
1051.81972275022, 3248.72016441077, 2397.65901432838, 1957.91570830625, 
3996.08927150257, 1394.85590951517, 2277.56484900601, 776.399121503346, 
3347.83927549142, 1837.62706047855, 3307.6394777745, 1192.73272866849, 
3812.39919574, 1709.85365984961, 2327.1758655319, 890.908022527583, 
3600.91197921429, 3839.89240624942, 641.332670929842, 2227.65666025225, 
1291.22296685819, 3505.80118747894, 2358.27506834175, 516.233527800068, 
1471.46028059069, 1638.21100071073, 2560.47196814325, 1373.89645259827, 
650.910482858308, 887.375756516121, 2963.1383420201, 3786.57433588523, 
1589.09156313166, 774.725255556405, 1626.10431970097, 2687.16937908903, 
2040.84647330455, 3304.70855219755, 1477.49331768136, 2497.4961768603, 
647.448042174801, 1167.51109412871, 3044.80264743324, 3393.41517607681, 
2287.52376371995, 2487.04158014152, 504.045369103551, 1003.22336109821, 
3530.88479058351, 788.963711936958, 1355.99738720339, 3935.40105118882, 
2521.53447805904, 1370.54227560293, 2652.33883820474, 611.15062260069, 
1012.48240494169, 2960.75540897436, 729.462479823269, 2676.32471804973, 
3780.64577886835, 807.631151750684, 3904.8122826498, 591.037486796267, 
3038.29783201218, 2087.97237067483, 2481.63841746282, 3554.55866199918, 
2440.97112864256, 3081.78272540681, 2680.95206702128, 1588.59942026902, 
1872.68769613001, 1207.30609400198, 3484.73136359826, 2623.9055278711, 
3146.34304842912), N_rec = c(5L, 3L, 7L, 6L, 6L, 4L, 8L, 7L, 
4L, 9L, 5L, 5L, 9L, 9L, 7L, 7L, 2L, 4L, 6L, 9L, 7L, 4L, 3L, 3L, 
6L, 3L, 5L, 4L, 10L, 5L, 6L, 2L, 6L, 5L, 6L, 1L, 7L, 4L, 11L, 
5L, 11L, 4L, 7L, 7L, 1L, 8L, 4L, 5L, 5L, 5L, 5L, 3L, 7L, 5L, 
10L, 7L, 4L, 5L, 5L, 3L, 7L, 10L, 6L, 5L, 6L, 5L, 2L, 0L, 4L, 
2L, 4L, 4L, 2L, 10L, 4L, 6L, 5L, 3L, 10L, 6L, 4L, 4L, 4L, 8L, 
4L, 3L, 3L, 4L, 6L, 7L, 6L, 8L, 4L, 11L, 1L, 8L, 6L, 4L, 7L, 
3L, 8L, 5L, 5L, 7L, 3L, 5L, 10L, 6L, 6L, 4L, 7L, 9L, 6L, 7L, 
2L, 3L, 5L, 3L, 3L, 5L, 4L, 7L, 5L, 10L, 2L, 9L, 8L, 10L, 7L, 
2L, 3L, 6L)), row.names = c(NA, -132L), class = "data.frame")
