structure(list(Mese = c(1L, 2L, 3L, 4L, 5L, 6L, 7L, 8L, 9L, 10L, 
11L, 12L, 1L, 2L, 3L, 4L, 5L, 6L, 7L, 8L, 9L, 10L, 11L, 12L, 
1L, 2L, 3L, 4L, 5L, 6L, 7L, 8L, 9L, 10L, 11L, 12L, 1L, 2L, 3L, 
4L, 5L, 6L, 7L, 8L, 9L, 10L, 11L, 12L, 1L, 2L, 3L, 4L, 5L, 6L, 
7L, 8L, 9L, 10L, 11L, 12L, 1L, 2L, 3L, 4L, 5L, 6L, 7L, 8L, 9L, 
10L, 11L, 12L, 1L, 2L, 3L, 4L, 5L, 6L, 7L, 8L, 9L, 10L, 11L, 
12L, 1L, 2L, 3L, 4L, 5L, 6L, 7L, 8L, 9L, 10L, 11L, 12L, 1L, 2L, 
3L, 4L, 5L, 6L, 7L, 8L, 9L, 10L, 11L, 12L, 1L, 2L, 3L, 4L, 5L, 
6L, 7L, 8L, 9L, 10L, 11L, 12L, 1L, 2L, 3L, 4L, 5L, 6L, 7L, 8L, 
9L, 10L, 11L, 12L), Anno = c(2009L, 2009L, 2009L, 2009L, 2009L, 
2009L, 2009L, 2009L, 2009L, 2009L, 2009L, 2009L, 2010L, 2010L, 
2010L, 2010L, 2010L, 2010L, 2010L, 2010L, 2010L, 2010L, 2010L, 
2010L, 2011L, 2011L, 2011L, 2011L, 2011L, 2011L, 2011L, 2011L, 
2011L, 2011L, 2011L, 2011L, 2012L, 2012L, 2012L, 2012L, 2012L, 
2012L, 2012L, 2012L, 2012L, 2012L, 2012L, 2012L, 2013L, 2013L, 
2013L, 2013L, 2013L, 2013L, 2013L, 2013L, 2013L, 2013L, 2013L, 
2013L, 2014L, 2014L, 2014L, 2014L, 2014L, 2014L, 2014L, 2014L, 
2014L, 2014L, 2014L, 2014L, 2015L, 2015L, 2015L, 2015L, 2015L, 
2015L, 2015L, 2015L, 2015L, 2015L, 2015L, 2015L, 2016L, 2016L, 
2016L, 2016L, 2016L, 2016L, 2016L, 2016L, 2016L, 2016L, 2016L, 
2016L, 2017L, 2017L, 2017L, 2017L, 2017L, 2017L, 2017L, 2017L, 
2017L, 2017L, 2017L, 2017L, 2018L, 2018L, 2018L, 2018L, 2018L, 
2018L, 2018L, 2018L, 2018L, 2018L, 2018L, 2018L, 2019L, 2019L, 
2019L, 2019L, 2019L, 2019L, 2019L, 2019L, 2019L, 2019L, 2019L, 
2019L), Budget = c(1823.30287015066, 2559.12974500097, 1677.50384577084, 
2230.91900371946, 3133.14336165786, 1091.71739197336, 3452.71072804462, 
1621.0599973565, 1318.6052570818, 1584.97748023365, 3264.6848714212, 
1390.77712188009, 3729.88234006334, 1019.23724124208, 1257.67232256476, 
2691.32134132087, 1399.74560646806, 2975.10811698157, 3098.41826406773, 
1418.24737726711, 2504.16932767257, 3704.77019727696, 2979.47017615661, 
3455.24274755735, 3719.7984495433, 1531.22136055026, 2777.28432486765, 
996.181666036136, 3487.36088676378, 2831.02315629367, 3066.6433776496, 
1601.59122257028, 2837.01279060915, 2123.60349029768, 2775.99025948439, 
3250.21322851535, 3655.96470271703, 2345.92641855124, 1053.38166933507, 
1443.66563588846, 970.890750526451, 1331.45144360606, 3030.69817728829, 
2694.93901287206, 2083.27572443523, 2720.07440740708, 2353.23907842394, 
1655.37235012744, 3197.58076244034, 2722.4620905472, 3210.27289400809, 
1125.97207375802, 1887.40795827471, 3869.50553033967, 1820.59766736347, 
771.442324272357, 2352.67288167961, 3824.03397781309, 3496.39568931889, 
2423.02650341298, 2827.33739598189, 2251.56847806647, 3734.25256297924, 
821.74783735536, 2239.33675116859, 3237.78432910331, 3544.46405952331, 
3655.43315256946, 3339.83870758675, 1038.05369581096, 3054.15554740466, 
3158.26026594732, 2812.86820594687, 3678.12280182261, 1864.24353264738, 
3849.42420688458, 2098.05229259655, 1182.5300808996, 2567.51731561963, 
1043.89542690478, 2318.2362759253, 1944.9389182264, 3395.25932585821, 
2470.83558072336, 2097.66418649815, 1173.22018847335, 2151.81392186787, 
1313.75085539185, 1599.27898761816, 3533.98215852212, 2057.45557474438, 
2018.7494661659, 2154.05828400981, 3416.90599324647, 536.193877458572, 
1581.95316058118, 801.535400212742, 3380.52482565399, 2148.87524815276, 
2363.17573965061, 1883.8840018725, 2090.53009317722, 902.153314789757, 
608.817949774675, 581.238075508736, 771.317708655261, 1765.35883371253, 
3164.93053769227, 3101.48574609775, 841.922712163068, 3866.6689612437, 
1001.21549970936, 2196.31609413773, 2477.18846565112, 3763.0695666885, 
3370.08669739589, 2365.79063849058, 1845.64143128227, 2410.95909278374, 
3288.54777198285, 2695.70176769048, 863.849502289668, 1171.97378375567, 
3447.3865176551, 2177.81814362388, 3220.41205805726, 3363.62697242294, 
1539.26878969651, 1293.48478757311, 2671.2526261108, 1808.56450484134, 
3600.9034634335), N_rec = c(3L, 3L, 7L, 4L, 6L, 7L, 6L, 5L, 4L, 
6L, 5L, 8L, 2L, 7L, 7L, 9L, 10L, 3L, 4L, 8L, 7L, 4L, 3L, 2L, 
3L, 3L, 6L, 9L, 3L, 5L, 2L, 3L, 8L, 6L, 6L, 4L, 3L, 10L, 2L, 
4L, 12L, 9L, 14L, 4L, 6L, 2L, 8L, 9L, 8L, 1L, 3L, 7L, 5L, 5L, 
2L, 8L, 4L, 3L, 6L, 3L, 4L, 7L, 4L, 7L, 5L, 2L, 1L, 2L, 6L, 4L, 
2L, 1L, 5L, 7L, 5L, 4L, 5L, 6L, 9L, 11L, 4L, 7L, 3L, 9L, 2L, 
13L, 4L, 5L, 4L, 5L, 7L, 13L, 4L, 6L, 8L, 13L, 7L, 6L, 3L, 6L, 
4L, 9L, 9L, 10L, 10L, 7L, 12L, 5L, 5L, 6L, 1L, 11L, 4L, 4L, 5L, 
5L, 11L, 3L, 6L, 8L, 8L, 11L, 9L, 3L, 3L, 2L, 4L, 8L, 10L, 5L, 
8L, 4L)), row.names = c(NA, -132L), class = "data.frame")
