structure(list(Mese = c(1L, 2L, 3L, 4L, 5L, 6L, 7L, 8L, 9L, 10L, 
11L, 12L, 1L, 2L, 3L, 4L, 5L, 6L, 7L, 8L, 9L, 10L, 11L, 12L, 
1L, 2L, 3L, 4L, 5L, 6L, 7L, 8L, 9L, 10L, 11L, 12L, 1L, 2L, 3L, 
4L, 5L, 6L, 7L, 8L, 9L, 10L, 11L, 12L, 1L, 2L, 3L, 4L, 5L, 6L, 
7L, 8L, 9L, 10L, 11L, 12L, 1L, 2L, 3L, 4L, 5L, 6L, 7L, 8L, 9L, 
10L, 11L, 12L, 1L, 2L, 3L, 4L, 5L, 6L, 7L, 8L, 9L, 10L, 11L, 
12L, 1L, 2L, 3L, 4L, 5L, 6L, 7L, 8L, 9L, 10L, 11L, 12L, 1L, 2L, 
3L, 4L, 5L, 6L, 7L, 8L, 9L, 10L, 11L, 12L, 1L, 2L, 3L, 4L, 5L, 
6L, 7L, 8L, 9L, 10L, 11L, 12L, 1L, 2L, 3L, 4L, 5L, 6L, 7L, 8L, 
9L, 10L, 11L, 12L), Anno = c(2009L, 2009L, 2009L, 2009L, 2009L, 
2009L, 2009L, 2009L, 2009L, 2009L, 2009L, 2009L, 2010L, 2010L, 
2010L, 2010L, 2010L, 2010L, 2010L, 2010L, 2010L, 2010L, 2010L, 
2010L, 2011L, 2011L, 2011L, 2011L, 2011L, 2011L, 2011L, 2011L, 
2011L, 2011L, 2011L, 2011L, 2012L, 2012L, 2012L, 2012L, 2012L, 
2012L, 2012L, 2012L, 2012L, 2012L, 2012L, 2012L, 2013L, 2013L, 
2013L, 2013L, 2013L, 2013L, 2013L, 2013L, 2013L, 2013L, 2013L, 
2013L, 2014L, 2014L, 2014L, 2014L, 2014L, 2014L, 2014L, 2014L, 
2014L, 2014L, 2014L, 2014L, 2015L, 2015L, 2015L, 2015L, 2015L, 
2015L, 2015L, 2015L, 2015L, 2015L, 2015L, 2015L, 2016L, 2016L, 
2016L, 2016L, 2016L, 2016L, 2016L, 2016L, 2016L, 2016L, 2016L, 
2016L, 2017L, 2017L, 2017L, 2017L, 2017L, 2017L, 2017L, 2017L, 
2017L, 2017L, 2017L, 2017L, 2018L, 2018L, 2018L, 2018L, 2018L, 
2018L, 2018L, 2018L, 2018L, 2018L, 2018L, 2018L, 2019L, 2019L, 
2019L, 2019L, 2019L, 2019L, 2019L, 2019L, 2019L, 2019L, 2019L, 
2019L), Budget = c(1220.39422078524, 3798.8866660744, 1827.63327180874, 
2691.84049428441, 1142.25840673316, 2807.22666415386, 3071.42518740147, 
2234.87801547162, 3540.51560326479, 3411.43280558754, 3941.54588866513, 
2833.9757877402, 2750.01049716957, 658.008496975526, 1167.96254867222, 
614.055352983996, 3465.18067270517, 1985.60039594304, 3360.21203512792, 
1030.80997627694, 1920.45436974149, 3028.78126036376, 708.718399633653, 
1656.22228127904, 3218.67400675546, 3441.60770799499, 3547.0353559358, 
3835.64665552694, 1843.84513366967, 3827.21188303549, 2964.36618966982, 
1976.93487838842, 1869.60632889532, 1236.98360961862, 3133.68063326925, 
2057.77247669175, 2086.60194848198, 791.378007503226, 1778.09160063043, 
3632.33517040499, 2405.53246077616, 607.894732384011, 1859.51579117682, 
896.883360925131, 1470.39060643874, 3018.31940852571, 1816.08814746141, 
2720.60984058771, 2238.61727362964, 3326.2026021257, 2537.65942843165, 
1102.04481182154, 3780.51863866858, 688.338061445393, 805.312655051239, 
3445.4530198127, 1973.11241331045, 3011.20118470863, 3076.52755884919, 
3956.14690787625, 3863.38491842616, 996.278070379049, 2827.32960546855, 
616.039847722277, 2230.79672688618, 3269.73347936291, 1827.23413757049, 
3819.04776487499, 2812.36523133703, 2014.6778334165, 3435.38909370545, 
3316.4455301594, 1994.7180680465, 1652.86678331904, 2477.64179529622, 
3514.30210191756, 2550.54858664516, 2757.92044901755, 3184.79424342513, 
2924.99958409462, 3533.7918899022, 831.441432936117, 2634.78752959054, 
1343.06176379323, 2143.74580630101, 1493.72730345931, 3714.544475195, 
1899.10417213105, 2478.70631108526, 783.069543191232, 3799.45064708591, 
3075.22511866409, 2163.59275672585, 1136.45137031563, 3056.28408188932, 
2651.19465382304, 713.645565207116, 686.533841304481, 2093.3971023187, 
1133.36747931316, 2219.57073407248, 3936.55006878544, 1284.42737541627, 
2993.85029356927, 1025.44120757375, 2340.04043799359, 3399.66538187582, 
944.011905114166, 3368.89148596674, 1361.01195728406, 839.562879293226, 
1072.95508717652, 2825.24321391247, 2870.99840876181, 965.331566520035, 
3928.3339465037, 1013.1436646916, 3796.3586387923, 2951.23110711575, 
2487.87016235292, 1362.22146300133, 1693.05036356673, 3439.16680896655, 
3725.32513178885, 2303.77710517496, 3608.3926941501, 2964.25271057524, 
1983.16976393107, 1550.94186181668, 3871.8455422204, 936.87208625488, 
2881.19186519179), N_rec = c(9L, 3L, 7L, 3L, 6L, 4L, 5L, 7L, 
7L, 4L, 3L, 4L, 3L, 4L, 5L, 11L, 1L, 6L, 6L, 10L, 6L, 3L, 8L, 
4L, 5L, 2L, 3L, 5L, 4L, 3L, 7L, 4L, 3L, 9L, 6L, 6L, 4L, 5L, 7L, 
1L, 4L, 10L, 5L, 2L, 11L, 2L, 8L, 8L, 1L, 7L, 6L, 6L, 3L, 8L, 
4L, 3L, 6L, 6L, 5L, 5L, 3L, 11L, 10L, 9L, 1L, 5L, 8L, 2L, 4L, 
6L, 6L, 4L, 5L, 6L, 4L, 5L, 2L, 6L, 4L, 2L, 10L, 8L, 8L, 6L, 
10L, 6L, 6L, 1L, 8L, 4L, 6L, 5L, 7L, 8L, 4L, 6L, 6L, 8L, 2L, 
6L, 6L, 4L, 9L, 5L, 10L, 6L, 5L, 8L, 3L, 7L, 17L, 11L, 7L, 7L, 
11L, 4L, 6L, 5L, 5L, 1L, 8L, 6L, 8L, 2L, 5L, 7L, 7L, 6L, 2L, 
3L, 6L, 6L)), row.names = c(NA, -132L), class = "data.frame")
