structure(list(Mese = c(1L, 2L, 3L, 4L, 5L, 6L, 7L, 8L, 9L, 10L, 
11L, 12L, 1L, 2L, 3L, 4L, 5L, 6L, 7L, 8L, 9L, 10L, 11L, 12L, 
1L, 2L, 3L, 4L, 5L, 6L, 7L, 8L, 9L, 10L, 11L, 12L, 1L, 2L, 3L, 
4L, 5L, 6L, 7L, 8L, 9L, 10L, 11L, 12L, 1L, 2L, 3L, 4L, 5L, 6L, 
7L, 8L, 9L, 10L, 11L, 12L, 1L, 2L, 3L, 4L, 5L, 6L, 7L, 8L, 9L, 
10L, 11L, 12L, 1L, 2L, 3L, 4L, 5L, 6L, 7L, 8L, 9L, 10L, 11L, 
12L, 1L, 2L, 3L, 4L, 5L, 6L, 7L, 8L, 9L, 10L, 11L, 12L, 1L, 2L, 
3L, 4L, 5L, 6L, 7L, 8L, 9L, 10L, 11L, 12L, 1L, 2L, 3L, 4L, 5L, 
6L, 7L, 8L, 9L, 10L, 11L, 12L, 1L, 2L, 3L, 4L, 5L, 6L, 7L, 8L, 
9L, 10L, 11L, 12L), Anno = c(2009L, 2009L, 2009L, 2009L, 2009L, 
2009L, 2009L, 2009L, 2009L, 2009L, 2009L, 2009L, 2010L, 2010L, 
2010L, 2010L, 2010L, 2010L, 2010L, 2010L, 2010L, 2010L, 2010L, 
2010L, 2011L, 2011L, 2011L, 2011L, 2011L, 2011L, 2011L, 2011L, 
2011L, 2011L, 2011L, 2011L, 2012L, 2012L, 2012L, 2012L, 2012L, 
2012L, 2012L, 2012L, 2012L, 2012L, 2012L, 2012L, 2013L, 2013L, 
2013L, 2013L, 2013L, 2013L, 2013L, 2013L, 2013L, 2013L, 2013L, 
2013L, 2014L, 2014L, 2014L, 2014L, 2014L, 2014L, 2014L, 2014L, 
2014L, 2014L, 2014L, 2014L, 2015L, 2015L, 2015L, 2015L, 2015L, 
2015L, 2015L, 2015L, 2015L, 2015L, 2015L, 2015L, 2016L, 2016L, 
2016L, 2016L, 2016L, 2016L, 2016L, 2016L, 2016L, 2016L, 2016L, 
2016L, 2017L, 2017L, 2017L, 2017L, 2017L, 2017L, 2017L, 2017L, 
2017L, 2017L, 2017L, 2017L, 2018L, 2018L, 2018L, 2018L, 2018L, 
2018L, 2018L, 2018L, 2018L, 2018L, 2018L, 2018L, 2019L, 2019L, 
2019L, 2019L, 2019L, 2019L, 2019L, 2019L, 2019L, 2019L, 2019L, 
2019L), Budget = c(2875.11084065773, 3155.54059448186, 2891.75865345169, 
3466.52864664793, 1590.49468347803, 1139.68380913138, 827.320595271885, 
551.781077869236, 3658.4465597989, 3286.18521324825, 772.201645071618, 
856.10081651248, 1108.62232022919, 2350.37307161838, 3073.59905110206, 
913.765327539295, 862.037872197106, 2432.92212428059, 1516.81498764083, 
2041.54183610808, 914.555065566674, 3725.66512902267, 3064.06324275304, 
2115.35662075039, 2853.10049401596, 1509.73043905105, 2822.05893937498, 
1812.74025095627, 2848.23239617981, 1944.5359702222, 2989.62081980426, 
1483.76585030928, 3085.46567265876, 2512.22508843057, 585.735949571244, 
1769.43153969478, 2042.97245305497, 1911.90683445893, 2406.70258773025, 
3521.18777076248, 3179.86129689962, 728.97667856887, 911.312915501185, 
1584.25872551743, 1580.374074867, 3063.17878153641, 995.219756034203, 
3921.50633165147, 3491.79655569606, 2543.73306257185, 3648.47488852683, 
532.705900841393, 3245.94980163965, 3677.30517196469, 887.721459730528, 
2130.37351157982, 2860.21891259588, 2129.08361281734, 3562.57189600728, 
1903.79937679972, 2483.39801002294, 2787.97011158895, 1499.80905326083, 
3621.8069777824, 985.496705630794, 2450.1794942189, 1385.24949189741, 
757.621597498655, 3169.27018854767, 2622.29071580805, 1665.47852836084, 
3683.8226657128, 2565.09518879466, 3812.49005300924, 3658.15688553266, 
1854.38813560177, 3014.68348223716, 3395.71469195653, 3698.3771561645, 
957.165795727633, 655.459768604487, 3958.81853729952, 1863.17773826886, 
2988.68694587145, 2340.7902691979, 1854.15446339175, 3014.98390757479, 
3580.63251106068, 924.060687306337, 1784.68282881659, 3264.7615224123, 
1254.60081163328, 2672.54366329871, 1822.02824926935, 2614.12354989443, 
2475.81393877044, 2930.5515504675, 3349.50290294364, 2087.89482084103, 
1794.87643274479, 3379.30663384032, 2294.18495006394, 3095.53638857324, 
3472.68467361573, 2041.0490038339, 1920.67907308228, 3478.21163781919, 
3044.58614205942, 2652.74588030297, 2950.00372151844, 3118.60537389293, 
1416.46674950607, 1466.68828069232, 1198.12320079654, 3800.48598919529, 
1449.00988403242, 2244.43027190864, 628.407586715184, 3306.08031491283, 
1918.28598058783, 2110.44066830073, 3759.03252675198, 1864.58253976889, 
3110.35729176365, 3242.62973829173, 1226.09688632656, 697.843553614803, 
1660.29841802083, 2893.31814961042, 3187.20993900206, 2785.67287011538, 
3768.31397973001), N_rec = c(0L, 4L, 6L, 2L, 2L, 4L, 9L, 10L, 
3L, 3L, 5L, 12L, 7L, 7L, 8L, 8L, 5L, 9L, 8L, 2L, 8L, 6L, 2L, 
10L, 2L, 4L, 1L, 5L, 6L, 7L, 5L, 3L, 9L, 6L, 9L, 5L, 8L, 7L, 
9L, 4L, 4L, 9L, 8L, 6L, 9L, 4L, 11L, 5L, 6L, 7L, 5L, 9L, 3L, 
5L, 9L, 4L, 6L, 3L, 6L, 10L, 6L, 6L, 6L, 2L, 7L, 3L, 8L, 6L, 
5L, 5L, 4L, 4L, 5L, 6L, 2L, 3L, 3L, 8L, 4L, 8L, 3L, 4L, 2L, 6L, 
8L, 4L, 4L, 7L, 3L, 8L, 4L, 3L, 8L, 4L, 7L, 5L, 6L, 3L, 9L, 2L, 
3L, 4L, 6L, 4L, 4L, 3L, 4L, 5L, 11L, 3L, 7L, 2L, 8L, 5L, 2L, 
4L, 4L, 12L, 10L, 5L, 3L, 5L, 7L, 4L, 7L, 5L, 10L, 4L, 8L, 2L, 
5L, 5L)), row.names = c(NA, -132L), class = "data.frame")
