structure(list(Mese = c(1L, 2L, 3L, 4L, 5L, 6L, 7L, 8L, 9L, 10L, 
11L, 12L, 1L, 2L, 3L, 4L, 5L, 6L, 7L, 8L, 9L, 10L, 11L, 12L, 
1L, 2L, 3L, 4L, 5L, 6L, 7L, 8L, 9L, 10L, 11L, 12L, 1L, 2L, 3L, 
4L, 5L, 6L, 7L, 8L, 9L, 10L, 11L, 12L, 1L, 2L, 3L, 4L, 5L, 6L, 
7L, 8L, 9L, 10L, 11L, 12L, 1L, 2L, 3L, 4L, 5L, 6L, 7L, 8L, 9L, 
10L, 11L, 12L, 1L, 2L, 3L, 4L, 5L, 6L, 7L, 8L, 9L, 10L, 11L, 
12L, 1L, 2L, 3L, 4L, 5L, 6L, 7L, 8L, 9L, 10L, 11L, 12L, 1L, 2L, 
3L, 4L, 5L, 6L, 7L, 8L, 9L, 10L, 11L, 12L, 1L, 2L, 3L, 4L, 5L, 
6L, 7L, 8L, 9L, 10L, 11L, 12L, 1L, 2L, 3L, 4L, 5L, 6L, 7L, 8L, 
9L, 10L, 11L, 12L), Anno = c(2009L, 2009L, 2009L, 2009L, 2009L, 
2009L, 2009L, 2009L, 2009L, 2009L, 2009L, 2009L, 2010L, 2010L, 
2010L, 2010L, 2010L, 2010L, 2010L, 2010L, 2010L, 2010L, 2010L, 
2010L, 2011L, 2011L, 2011L, 2011L, 2011L, 2011L, 2011L, 2011L, 
2011L, 2011L, 2011L, 2011L, 2012L, 2012L, 2012L, 2012L, 2012L, 
2012L, 2012L, 2012L, 2012L, 2012L, 2012L, 2012L, 2013L, 2013L, 
2013L, 2013L, 2013L, 2013L, 2013L, 2013L, 2013L, 2013L, 2013L, 
2013L, 2014L, 2014L, 2014L, 2014L, 2014L, 2014L, 2014L, 2014L, 
2014L, 2014L, 2014L, 2014L, 2015L, 2015L, 2015L, 2015L, 2015L, 
2015L, 2015L, 2015L, 2015L, 2015L, 2015L, 2015L, 2016L, 2016L, 
2016L, 2016L, 2016L, 2016L, 2016L, 2016L, 2016L, 2016L, 2016L, 
2016L, 2017L, 2017L, 2017L, 2017L, 2017L, 2017L, 2017L, 2017L, 
2017L, 2017L, 2017L, 2017L, 2018L, 2018L, 2018L, 2018L, 2018L, 
2018L, 2018L, 2018L, 2018L, 2018L, 2018L, 2018L, 2019L, 2019L, 
2019L, 2019L, 2019L, 2019L, 2019L, 2019L, 2019L, 2019L, 2019L, 
2019L), Budget = c(1003.35965270642, 1174.85581408255, 3638.58538924251, 
1578.41844006907, 1771.5519022895, 3243.81267558783, 1176.82537971996, 
562.180341570638, 1923.12753200531, 2191.08684244566, 1976.45732562523, 
1699.83080588281, 3532.69160131458, 2092.87817834411, 2368.17705770954, 
3873.45166166779, 3211.07039728668, 1231.06721998192, 1580.75391454622, 
3899.69857584219, 2547.15032724198, 3162.88268880453, 1804.48288051412, 
3192.17868929263, 2381.8701406708, 3698.98407382425, 1148.53754662909, 
1487.76446084958, 832.368446164764, 1236.70477687847, 3919.84648699872, 
1537.05761383753, 3040.94059416093, 3249.90741990041, 868.962111417204, 
1338.5812016204, 1446.90705335233, 853.704729233868, 912.698444444686, 
3969.32794549502, 3951.19004056323, 979.736149893142, 3668.58353582211, 
2517.0564315049, 1884.07100678887, 2074.3086944567, 2972.75665402412, 
788.759610266425, 1687.5940306345, 2882.75642925873, 1609.32236828376, 
3410.49009317067, 1253.10228927992, 2242.82127665356, 1466.17385419086, 
1172.08161554299, 3827.1744241938, 1626.03938218672, 2174.59734331351, 
597.974001779221, 2416.10813804436, 2754.84077190049, 2586.92240621895, 
1626.78081495687, 3618.90009359922, 2691.89931591973, 1560.16720354091, 
1858.71632315684, 1061.6628236603, 3518.93164135981, 3835.85424826015, 
2472.75639208965, 1653.41594687197, 3988.16026549321, 1321.86886528507, 
2644.35187843628, 878.624852979556, 2204.613994807, 848.060381715186, 
1064.08016942441, 1490.47504772898, 2543.55317587033, 3060.97680598032, 
1079.32318886742, 3532.63717121445, 2980.00948014669, 3161.39837680385, 
1014.79437993839, 1753.19937197492, 2856.66368494276, 2333.3791057812, 
1724.30627467111, 1341.85745555442, 703.671287046745, 1328.16909742542, 
3615.27269612998, 3341.39595623128, 3116.30712763872, 1042.1910402365, 
936.597310123034, 3911.54032968916, 2026.45498630591, 2124.05819387641, 
1078.54328432586, 2547.27795068175, 1447.72306806408, 1305.33922137693, 
2919.22741022427, 1489.98339870013, 3336.39323164243, 828.708124812692, 
3377.10524909198, 1995.99898245651, 3145.60540905222, 2818.34927294403, 
2055.84588926286, 2695.0116455555, 501.628721714951, 1260.35229908302, 
2967.05285983626, 1253.08270868845, 3348.76802447252, 1577.17356004287, 
2907.09939983208, 3764.38377657905, 905.228826915845, 946.969907614402, 
2873.78350098152, 2001.32008560468, 3420.40342278779, 3900.0332338037, 
746.711421990767), N_rec = c(7L, 8L, 2L, 13L, 4L, 2L, 8L, 10L, 
5L, 5L, 5L, 3L, 4L, 4L, 6L, 4L, 9L, 6L, 6L, 1L, 8L, 4L, 8L, 3L, 
5L, 6L, 3L, 9L, 6L, 6L, 3L, 2L, 5L, 6L, 11L, 2L, 13L, 6L, 11L, 
5L, 4L, 9L, 1L, 7L, 5L, 8L, 5L, 6L, 8L, 2L, 9L, 3L, 8L, 10L, 
3L, 10L, 6L, 5L, 5L, 5L, 6L, 8L, 5L, 7L, 5L, 5L, 6L, 2L, 3L, 
8L, 6L, 4L, 7L, 5L, 6L, 7L, 7L, 9L, 7L, 11L, 7L, 5L, 9L, 8L, 
4L, 1L, 5L, 7L, 9L, 7L, 8L, 5L, 10L, 5L, 5L, 5L, 9L, 5L, 7L, 
3L, 8L, 3L, 3L, 10L, 5L, 5L, 10L, 1L, 5L, 6L, 5L, 3L, 4L, 7L, 
3L, 8L, 4L, 6L, 7L, 2L, 2L, 11L, 7L, 7L, 7L, 9L, 13L, 2L, 9L, 
7L, 6L, 6L)), row.names = c(NA, -132L), class = "data.frame")
