structure(list(Mese = c(1L, 2L, 3L, 4L, 5L, 6L, 7L, 8L, 9L, 10L, 
11L, 12L, 1L, 2L, 3L, 4L, 5L, 6L, 7L, 8L, 9L, 10L, 11L, 12L, 
1L, 2L, 3L, 4L, 5L, 6L, 7L, 8L, 9L, 10L, 11L, 12L, 1L, 2L, 3L, 
4L, 5L, 6L, 7L, 8L, 9L, 10L, 11L, 12L, 1L, 2L, 3L, 4L, 5L, 6L, 
7L, 8L, 9L, 10L, 11L, 12L, 1L, 2L, 3L, 4L, 5L, 6L, 7L, 8L, 9L, 
10L, 11L, 12L, 1L, 2L, 3L, 4L, 5L, 6L, 7L, 8L, 9L, 10L, 11L, 
12L, 1L, 2L, 3L, 4L, 5L, 6L, 7L, 8L, 9L, 10L, 11L, 12L, 1L, 2L, 
3L, 4L, 5L, 6L, 7L, 8L, 9L, 10L, 11L, 12L, 1L, 2L, 3L, 4L, 5L, 
6L, 7L, 8L, 9L, 10L, 11L, 12L, 1L, 2L, 3L, 4L, 5L, 6L, 7L, 8L, 
9L, 10L, 11L, 12L), Anno = c(2009L, 2009L, 2009L, 2009L, 2009L, 
2009L, 2009L, 2009L, 2009L, 2009L, 2009L, 2009L, 2010L, 2010L, 
2010L, 2010L, 2010L, 2010L, 2010L, 2010L, 2010L, 2010L, 2010L, 
2010L, 2011L, 2011L, 2011L, 2011L, 2011L, 2011L, 2011L, 2011L, 
2011L, 2011L, 2011L, 2011L, 2012L, 2012L, 2012L, 2012L, 2012L, 
2012L, 2012L, 2012L, 2012L, 2012L, 2012L, 2012L, 2013L, 2013L, 
2013L, 2013L, 2013L, 2013L, 2013L, 2013L, 2013L, 2013L, 2013L, 
2013L, 2014L, 2014L, 2014L, 2014L, 2014L, 2014L, 2014L, 2014L, 
2014L, 2014L, 2014L, 2014L, 2015L, 2015L, 2015L, 2015L, 2015L, 
2015L, 2015L, 2015L, 2015L, 2015L, 2015L, 2015L, 2016L, 2016L, 
2016L, 2016L, 2016L, 2016L, 2016L, 2016L, 2016L, 2016L, 2016L, 
2016L, 2017L, 2017L, 2017L, 2017L, 2017L, 2017L, 2017L, 2017L, 
2017L, 2017L, 2017L, 2017L, 2018L, 2018L, 2018L, 2018L, 2018L, 
2018L, 2018L, 2018L, 2018L, 2018L, 2018L, 2018L, 2019L, 2019L, 
2019L, 2019L, 2019L, 2019L, 2019L, 2019L, 2019L, 2019L, 2019L, 
2019L), Budget = c(3238.0300546065, 827.58245349396, 2133.72664549388, 
2290.26910965331, 2599.96135742404, 1664.88239110913, 2210.14561783522, 
3840.65839624964, 2190.1583900908, 3616.22577742673, 3700.53365419153, 
2630.57243812364, 1937.41421785671, 1014.83141828794, 3773.54931144509, 
1554.30114991032, 712.522000423633, 3817.04429013189, 3022.08695700392, 
998.030034592375, 2422.49629623257, 3839.3193349475, 2549.1917359177, 
1915.78598611522, 2767.62717764359, 1619.37215982471, 1577.0200380357, 
1269.18670942541, 1793.21103042457, 3944.76721214596, 1039.70805287827, 
818.653999594972, 996.674177236855, 2915.02485529054, 2667.39769186825, 
3619.87941002008, 2855.49682413694, 3079.77208273951, 2323.97504022811, 
2809.43457386456, 3376.31911050994, 3251.9854309503, 3929.37671078835, 
2038.0103768548, 1590.9577072598, 1933.16233414225, 536.634891410358, 
1143.47333402839, 3449.55261610448, 1309.06623718329, 1336.84984478168, 
768.419078667648, 1360.03287311178, 3062.47321935371, 3466.08607785311, 
2241.34543479886, 1857.6816044515, 1362.57147951983, 888.837614562362, 
1864.9805233581, 2501.77359895315, 1259.12466982845, 2056.68800708372, 
1262.96734053176, 2258.04847141262, 1738.66600147448, 2774.94805585593, 
1811.49884813931, 1744.05883275904, 2367.90780909359, 3091.17026138119, 
1273.86028238107, 1944.61141515058, 1429.90340397228, 2704.90568713285, 
1143.39971775189, 3522.75439002551, 3112.98801447265, 2838.99627404753, 
2663.06255641393, 1802.83321079332, 2354.42490049172, 3561.38820003252, 
2536.12534923013, 3439.18717675842, 1593.56857719831, 2979.01612776332, 
1427.56232130341, 2580.20117913838, 2184.51430171262, 1427.61456011795, 
2476.06652171817, 3696.15878059994, 3656.56036324799, 1459.58317525219, 
1625.18964742776, 3949.74309531972, 2669.97658566106, 3780.59931204189, 
2132.86445813719, 1923.91407641117, 2807.30613472406, 1033.213158953, 
2505.03470376134, 1335.54109395482, 3868.25627752114, 2604.78004091419, 
2302.60404536966, 1909.00669770781, 3580.86289430503, 1774.32152675465, 
1508.83748242632, 1097.25832287222, 1102.6011123322, 2187.14911933057, 
1385.37724979687, 1256.89176365267, 2860.31735828146, 666.82269598823, 
2952.98580615781, 1731.61023459397, 1931.30399275105, 3373.32963384688, 
3716.00071853027, 1488.84915537201, 3863.86677797418, 3049.38049893826, 
2902.31278701685, 684.95379970409, 1883.27047124039, 2172.45882947464, 
2460.88642289396), N_rec = c(6L, 11L, 6L, 5L, 5L, 3L, 4L, 3L, 
4L, 6L, 2L, 7L, 6L, 8L, 2L, 7L, 6L, 5L, 4L, 12L, 10L, 5L, 4L, 
4L, 6L, 5L, 6L, 9L, 4L, 3L, 7L, 10L, 11L, 8L, 6L, 8L, 5L, 5L, 
5L, 4L, 1L, 5L, 6L, 1L, 3L, 4L, 9L, 8L, 9L, 6L, 3L, 8L, 8L, 3L, 
4L, 4L, 3L, 6L, 3L, 4L, 2L, 8L, 5L, 4L, 2L, 9L, 7L, 8L, 12L, 
3L, 2L, 9L, 8L, 1L, 7L, 8L, 5L, 5L, 3L, 1L, 6L, 5L, 4L, 5L, 6L, 
3L, 4L, 9L, 8L, 4L, 5L, 8L, 7L, 3L, 4L, 8L, 2L, 2L, 12L, 2L, 
5L, 8L, 8L, 4L, 8L, 6L, 4L, 5L, 7L, 5L, 7L, 12L, 6L, 4L, 6L, 
5L, 7L, 4L, 14L, 4L, 4L, 7L, 2L, 8L, 6L, 2L, 6L, 11L, 8L, 5L, 
5L, 8L)), row.names = c(NA, -132L), class = "data.frame")
