structure(list(Mese = c(1L, 2L, 3L, 4L, 5L, 6L, 7L, 8L, 9L, 10L, 
11L, 12L, 1L, 2L, 3L, 4L, 5L, 6L, 7L, 8L, 9L, 10L, 11L, 12L, 
1L, 2L, 3L, 4L, 5L, 6L, 7L, 8L, 9L, 10L, 11L, 12L, 1L, 2L, 3L, 
4L, 5L, 6L, 7L, 8L, 9L, 10L, 11L, 12L, 1L, 2L, 3L, 4L, 5L, 6L, 
7L, 8L, 9L, 10L, 11L, 12L, 1L, 2L, 3L, 4L, 5L, 6L, 7L, 8L, 9L, 
10L, 11L, 12L, 1L, 2L, 3L, 4L, 5L, 6L, 7L, 8L, 9L, 10L, 11L, 
12L, 1L, 2L, 3L, 4L, 5L, 6L, 7L, 8L, 9L, 10L, 11L, 12L, 1L, 2L, 
3L, 4L, 5L, 6L, 7L, 8L, 9L, 10L, 11L, 12L, 1L, 2L, 3L, 4L, 5L, 
6L, 7L, 8L, 9L, 10L, 11L, 12L, 1L, 2L, 3L, 4L, 5L, 6L, 7L, 8L, 
9L, 10L, 11L, 12L), Anno = c(2009L, 2009L, 2009L, 2009L, 2009L, 
2009L, 2009L, 2009L, 2009L, 2009L, 2009L, 2009L, 2010L, 2010L, 
2010L, 2010L, 2010L, 2010L, 2010L, 2010L, 2010L, 2010L, 2010L, 
2010L, 2011L, 2011L, 2011L, 2011L, 2011L, 2011L, 2011L, 2011L, 
2011L, 2011L, 2011L, 2011L, 2012L, 2012L, 2012L, 2012L, 2012L, 
2012L, 2012L, 2012L, 2012L, 2012L, 2012L, 2012L, 2013L, 2013L, 
2013L, 2013L, 2013L, 2013L, 2013L, 2013L, 2013L, 2013L, 2013L, 
2013L, 2014L, 2014L, 2014L, 2014L, 2014L, 2014L, 2014L, 2014L, 
2014L, 2014L, 2014L, 2014L, 2015L, 2015L, 2015L, 2015L, 2015L, 
2015L, 2015L, 2015L, 2015L, 2015L, 2015L, 2015L, 2016L, 2016L, 
2016L, 2016L, 2016L, 2016L, 2016L, 2016L, 2016L, 2016L, 2016L, 
2016L, 2017L, 2017L, 2017L, 2017L, 2017L, 2017L, 2017L, 2017L, 
2017L, 2017L, 2017L, 2017L, 2018L, 2018L, 2018L, 2018L, 2018L, 
2018L, 2018L, 2018L, 2018L, 2018L, 2018L, 2018L, 2019L, 2019L, 
2019L, 2019L, 2019L, 2019L, 2019L, 2019L, 2019L, 2019L, 2019L, 
2019L), Budget = c(1283.32527854946, 2386.56774361152, 3987.30192042422, 
1651.20787906926, 1631.67630915996, 623.632312519476, 2339.64148384985, 
2588.8242025394, 3097.30330714956, 3834.9299535621, 2213.67433248088, 
791.505709174089, 1409.74799648393, 3561.96318962611, 3482.20697732177, 
3450.16632601619, 3814.16286120657, 2784.38572166488, 2208.54447828606, 
1157.14845235925, 2995.61571271624, 797.744897427037, 2114.19791961089, 
3775.67557315342, 3458.52783753071, 3006.65350921918, 933.322219061665, 
2581.89611451235, 3964.4848050084, 2653.9297074778, 1455.77183447313, 
722.973951138556, 753.061464522034, 3557.28924914729, 1769.88748845179, 
3809.67752204742, 2454.11628996953, 2294.31402811315, 3817.20082240645, 
884.305584477261, 3366.17642687634, 1820.69737371057, 2448.24366737157, 
1598.54915342294, 788.200081093237, 3229.7813979676, 1176.3215494575, 
2794.54913653899, 2023.01468665246, 1190.0191429304, 3981.31147772074, 
2063.60003247391, 609.993324731477, 3779.55795347225, 3548.44384000171, 
2604.3619918637, 1546.55409720726, 3332.71196309943, 3832.49834773596, 
3482.18889941927, 945.584075525403, 3891.08822424896, 2449.85353050288, 
518.775565782562, 975.173718878068, 520.464855479077, 3359.05921761878, 
3237.57255752571, 3758.73200036585, 1790.41458817665, 3910.59205960482, 
3383.1028866116, 3256.07102143113, 2679.89042133559, 3885.74225094635, 
2249.71471726894, 3627.93459871318, 1903.65136438049, 2066.39563373756, 
3775.22678743117, 2891.66269078851, 563.570955535397, 1079.3435118394, 
2235.4207461467, 1992.87329812068, 3972.18592220452, 3611.32543371059, 
1710.1437994279, 2970.45443754178, 3680.53640471771, 2867.02510516625, 
2736.85094946995, 1023.61584466416, 2603.93886512611, 1454.62932554074, 
2102.48679865617, 1277.88582642097, 1392.22530904226, 2787.90704510175, 
2151.97606396396, 1063.37062478997, 1452.28117110673, 2995.34632556606, 
2646.73778263386, 962.426881771535, 745.025386218913, 3881.92754541524, 
1788.94597291946, 2871.08929618262, 3460.83105634898, 1345.77634860761, 
623.028468689881, 2583.3408285398, 3426.66894802824, 1767.87223585416, 
1662.65986685175, 2756.57715753186, 3855.15297879465, 2586.71269961633, 
2285.98006290849, 1043.42447570525, 3460.47851932235, 1250.33148971852, 
2844.55635689665, 2662.14757936541, 674.999219481833, 3822.89571454749, 
2538.9321106486, 3513.34017969202, 2314.63537272066, 1431.44619208761, 
2590.82182217389), N_rec = c(9L, 7L, 4L, 6L, 7L, 7L, 6L, 1L, 
11L, 4L, 3L, 10L, 7L, 7L, 1L, 7L, 5L, 7L, 8L, 7L, 8L, 5L, 2L, 
3L, 5L, 4L, 12L, 7L, 3L, 5L, 6L, 9L, 7L, 1L, 7L, 3L, 7L, 4L, 
7L, 10L, 4L, 3L, 6L, 7L, 15L, 4L, 8L, 9L, 6L, 8L, 2L, 9L, 7L, 
3L, 4L, 8L, 6L, 6L, 3L, 6L, 5L, 3L, 4L, 12L, 6L, 5L, 8L, 4L, 
6L, 4L, 3L, 3L, 1L, 7L, 2L, 5L, 3L, 7L, 6L, 10L, 4L, 9L, 13L, 
6L, 5L, 6L, 2L, 6L, 5L, 3L, 3L, 8L, 7L, 6L, 7L, 7L, 8L, 7L, 2L, 
6L, 7L, 7L, 6L, 2L, 3L, 8L, 6L, 4L, 7L, 4L, 13L, 7L, 6L, 4L, 
6L, 3L, 5L, 8L, 5L, 5L, 3L, 1L, 3L, 3L, 5L, 10L, 3L, 7L, 4L, 
4L, 2L, 6L)), row.names = c(NA, -132L), class = "data.frame")
