structure(list(Mese = c(1L, 2L, 3L, 4L, 5L, 6L, 7L, 8L, 9L, 10L, 
11L, 12L, 1L, 2L, 3L, 4L, 5L, 6L, 7L, 8L, 9L, 10L, 11L, 12L, 
1L, 2L, 3L, 4L, 5L, 6L, 7L, 8L, 9L, 10L, 11L, 12L, 1L, 2L, 3L, 
4L, 5L, 6L, 7L, 8L, 9L, 10L, 11L, 12L, 1L, 2L, 3L, 4L, 5L, 6L, 
7L, 8L, 9L, 10L, 11L, 12L, 1L, 2L, 3L, 4L, 5L, 6L, 7L, 8L, 9L, 
10L, 11L, 12L, 1L, 2L, 3L, 4L, 5L, 6L, 7L, 8L, 9L, 10L, 11L, 
12L, 1L, 2L, 3L, 4L, 5L, 6L, 7L, 8L, 9L, 10L, 11L, 12L, 1L, 2L, 
3L, 4L, 5L, 6L, 7L, 8L, 9L, 10L, 11L, 12L, 1L, 2L, 3L, 4L, 5L, 
6L, 7L, 8L, 9L, 10L, 11L, 12L, 1L, 2L, 3L, 4L, 5L, 6L, 7L, 8L, 
9L, 10L, 11L, 12L), Anno = c(2009L, 2009L, 2009L, 2009L, 2009L, 
2009L, 2009L, 2009L, 2009L, 2009L, 2009L, 2009L, 2010L, 2010L, 
2010L, 2010L, 2010L, 2010L, 2010L, 2010L, 2010L, 2010L, 2010L, 
2010L, 2011L, 2011L, 2011L, 2011L, 2011L, 2011L, 2011L, 2011L, 
2011L, 2011L, 2011L, 2011L, 2012L, 2012L, 2012L, 2012L, 2012L, 
2012L, 2012L, 2012L, 2012L, 2012L, 2012L, 2012L, 2013L, 2013L, 
2013L, 2013L, 2013L, 2013L, 2013L, 2013L, 2013L, 2013L, 2013L, 
2013L, 2014L, 2014L, 2014L, 2014L, 2014L, 2014L, 2014L, 2014L, 
2014L, 2014L, 2014L, 2014L, 2015L, 2015L, 2015L, 2015L, 2015L, 
2015L, 2015L, 2015L, 2015L, 2015L, 2015L, 2015L, 2016L, 2016L, 
2016L, 2016L, 2016L, 2016L, 2016L, 2016L, 2016L, 2016L, 2016L, 
2016L, 2017L, 2017L, 2017L, 2017L, 2017L, 2017L, 2017L, 2017L, 
2017L, 2017L, 2017L, 2017L, 2018L, 2018L, 2018L, 2018L, 2018L, 
2018L, 2018L, 2018L, 2018L, 2018L, 2018L, 2018L, 2019L, 2019L, 
2019L, 2019L, 2019L, 2019L, 2019L, 2019L, 2019L, 2019L, 2019L, 
2019L), Budget = c(843.619496561587, 3878.51657834835, 3535.28280265164, 
1497.01899907086, 2021.40533283819, 1693.32164700609, 1718.45491300337, 
1564.60626330227, 3700.80588862766, 1492.52597941086, 3537.46561647858, 
3358.41953172348, 1146.05493249837, 1295.29266746249, 2829.69043008052, 
2138.27739155386, 883.740223827772, 1009.76904167328, 1610.11016683187, 
2625.21049426869, 3814.55341773108, 1979.05159345828, 3742.71002493333, 
848.743828129955, 3532.01135667041, 1411.70880675782, 1494.1133975517, 
1080.50302707125, 604.848198359832, 843.415244948119, 919.50213117525, 
1179.52538339887, 3403.57408940326, 553.599910112098, 1849.9181753723, 
3700.24603430647, 553.499824833125, 1583.7785047479, 1999.75941271987, 
2467.45872974861, 3722.6791344583, 2309.22846717294, 3090.13989428058, 
2662.46149875224, 1220.12328368146, 2280.41164274327, 713.718217448331, 
3210.75744763948, 1214.86402384471, 3499.75758104119, 2298.20135410409, 
1380.67471585236, 3344.62306392379, 734.508951893076, 591.67717595119, 
2586.89709275495, 3464.12818250246, 2083.39706494007, 2257.62058724649, 
1233.80862583872, 3004.55166620668, 2377.33018724248, 671.988000278361, 
3379.50208119582, 1383.73762869742, 2325.0712689478, 1644.47235118132, 
886.290944647044, 3481.06259817723, 2686.24012893997, 3468.23108324315, 
941.041340003721, 2838.88064441271, 2627.76560662314, 3809.83225093223, 
2532.18550083693, 1560.96498551778, 3771.7269808054, 3455.25776792783, 
1986.00674211048, 2199.82779840939, 3189.8205318721, 1382.968863938, 
3342.13986550458, 3377.33392836526, 1960.67964553367, 3707.31580862775, 
748.064855812117, 3335.33629693557, 2200.66564937588, 1568.32153792493, 
2662.55841648672, 1617.38679802511, 2783.17884809803, 3705.46907233074, 
2491.77660932764, 2732.6174704358, 1956.24493248761, 3288.13552914653, 
3517.96667953022, 1785.95992701594, 2207.78499369044, 3637.23155204207, 
2123.37997427676, 1232.64799662866, 2866.89703597222, 3069.45434969384, 
2784.42956856452, 1224.19976186939, 3862.70039144438, 524.140077410266, 
3657.58293331601, 813.750010798685, 3429.83171960805, 2439.72114566714, 
2611.95925564971, 3339.76347534917, 1420.41118745692, 639.814312104136, 
984.005769249052, 868.864415446296, 1113.92037209589, 3864.1298430739, 
1179.10024547018, 1662.63268725015, 2923.05226949975, 2927.13245551568, 
1501.3730591163, 1546.91738693509, 2004.83869866002, 1839.20206269249, 
3673.85780706536), N_rec = c(7L, 5L, 4L, 6L, 5L, 4L, 5L, 5L, 
0L, 5L, 9L, 4L, 12L, 5L, 3L, 6L, 7L, 10L, 10L, 6L, 6L, 5L, 7L, 
4L, 2L, 7L, 14L, 7L, 4L, 5L, 9L, 8L, 5L, 9L, 5L, 4L, 6L, 7L, 
4L, 4L, 8L, 12L, 5L, 2L, 7L, 7L, 8L, 5L, 6L, 2L, 3L, 6L, 5L, 
5L, 2L, 4L, 2L, 4L, 3L, 6L, 3L, 6L, 7L, 3L, 11L, 6L, 3L, 5L, 
5L, 8L, 6L, 7L, 3L, 3L, 4L, 5L, 8L, 6L, 4L, 7L, 5L, 4L, 7L, 9L, 
4L, 7L, 3L, 6L, 4L, 4L, 12L, 8L, 9L, 6L, 2L, 2L, 3L, 9L, 4L, 
6L, 10L, 6L, 5L, 3L, 5L, 4L, 7L, 4L, 6L, 4L, 4L, 1L, 8L, 7L, 
9L, 2L, 5L, 6L, 8L, 4L, 5L, 6L, 5L, 5L, 4L, 5L, 2L, 6L, 6L, 6L, 
6L, 6L)), row.names = c(NA, -132L), class = "data.frame")
