structure(list(Mese = c(1L, 2L, 3L, 4L, 5L, 6L, 7L, 8L, 9L, 10L, 
11L, 12L, 1L, 2L, 3L, 4L, 5L, 6L, 7L, 8L, 9L, 10L, 11L, 12L, 
1L, 2L, 3L, 4L, 5L, 6L, 7L, 8L, 9L, 10L, 11L, 12L, 1L, 2L, 3L, 
4L, 5L, 6L, 7L, 8L, 9L, 10L, 11L, 12L, 1L, 2L, 3L, 4L, 5L, 6L, 
7L, 8L, 9L, 10L, 11L, 12L, 1L, 2L, 3L, 4L, 5L, 6L, 7L, 8L, 9L, 
10L, 11L, 12L, 1L, 2L, 3L, 4L, 5L, 6L, 7L, 8L, 9L, 10L, 11L, 
12L, 1L, 2L, 3L, 4L, 5L, 6L, 7L, 8L, 9L, 10L, 11L, 12L, 1L, 2L, 
3L, 4L, 5L, 6L, 7L, 8L, 9L, 10L, 11L, 12L, 1L, 2L, 3L, 4L, 5L, 
6L, 7L, 8L, 9L, 10L, 11L, 12L, 1L, 2L, 3L, 4L, 5L, 6L, 7L, 8L, 
9L, 10L, 11L, 12L), Anno = c(2009L, 2009L, 2009L, 2009L, 2009L, 
2009L, 2009L, 2009L, 2009L, 2009L, 2009L, 2009L, 2010L, 2010L, 
2010L, 2010L, 2010L, 2010L, 2010L, 2010L, 2010L, 2010L, 2010L, 
2010L, 2011L, 2011L, 2011L, 2011L, 2011L, 2011L, 2011L, 2011L, 
2011L, 2011L, 2011L, 2011L, 2012L, 2012L, 2012L, 2012L, 2012L, 
2012L, 2012L, 2012L, 2012L, 2012L, 2012L, 2012L, 2013L, 2013L, 
2013L, 2013L, 2013L, 2013L, 2013L, 2013L, 2013L, 2013L, 2013L, 
2013L, 2014L, 2014L, 2014L, 2014L, 2014L, 2014L, 2014L, 2014L, 
2014L, 2014L, 2014L, 2014L, 2015L, 2015L, 2015L, 2015L, 2015L, 
2015L, 2015L, 2015L, 2015L, 2015L, 2015L, 2015L, 2016L, 2016L, 
2016L, 2016L, 2016L, 2016L, 2016L, 2016L, 2016L, 2016L, 2016L, 
2016L, 2017L, 2017L, 2017L, 2017L, 2017L, 2017L, 2017L, 2017L, 
2017L, 2017L, 2017L, 2017L, 2018L, 2018L, 2018L, 2018L, 2018L, 
2018L, 2018L, 2018L, 2018L, 2018L, 2018L, 2018L, 2019L, 2019L, 
2019L, 2019L, 2019L, 2019L, 2019L, 2019L, 2019L, 2019L, 2019L, 
2019L), Budget = c(2563.33977670874, 1593.68826914579, 3204.78039630689, 
1677.04370757565, 3494.86841866747, 2531.8497272674, 1955.02927992493, 
3764.00474854745, 2119.44594513625, 847.712154733017, 2129.07277129125, 
3944.29350167047, 3738.45503071789, 2023.89567228965, 3544.02250528801, 
1551.23960122, 3292.90420911275, 3301.78749188781, 1854.23993656877, 
1835.56393289473, 2759.30464966223, 3515.83608984947, 2798.21434814949, 
2307.14125744998, 1020.73554194067, 2644.68066010159, 646.883866400458, 
2244.25647419412, 3088.27877568547, 3138.64922791254, 720.828094170429, 
2048.68676688056, 2252.35094712116, 1445.85085124709, 2595.80752172042, 
3075.43169194832, 2997.52234143671, 907.725278986618, 2512.92216416914, 
3293.46195526887, 1311.38328823727, 3036.99538938235, 3433.08119243011, 
915.934997727163, 3856.32638819516, 3117.17604531441, 3338.11317570508, 
1164.71203195397, 590.890721185133, 3523.23802281171, 3717.12952887174, 
981.697957613505, 2171.77017661743, 2120.3652509721, 2950.62513882294, 
729.512154124677, 3065.63997664489, 1885.76056621969, 2115.20745686721, 
3038.54777140077, 2145.00926458277, 3998.33392130677, 3460.77527105808, 
3398.7255631946, 3165.75520508923, 892.372721340507, 3436.41956755891, 
3348.47683447879, 3969.94267974515, 669.100836850703, 3113.757693558, 
1967.59732556529, 2537.50364016742, 3407.56921784487, 547.357195755467, 
540.326171088964, 3987.55997547414, 3179.91383478511, 1601.31913726218, 
3342.0411052648, 3969.26726098172, 1202.65857526101, 2761.13027089741, 
2031.42755117733, 3783.09891535901, 3958.01156887319, 2097.11846348364, 
1307.15230118949, 2934.21243980993, 2448.21320613846, 2546.48531321436, 
2017.70936418325, 1991.61268468015, 2588.99038413074, 2082.29954703711, 
3848.13030529767, 3455.50622500014, 1279.69010930974, 1970.59561952483, 
1969.94027437177, 572.767971083522, 1831.56789338682, 1978.2194965519, 
1169.9912219774, 2968.65248610266, 547.321663354523, 3059.21087018214, 
2014.53434291761, 3059.34032553341, 548.795433714986, 658.596579683945, 
1964.45031755138, 2753.44000745099, 1269.27824958693, 3417.04928490799, 
2931.68559740297, 3646.93569822703, 1949.8409985099, 1938.51646140683, 
1375.05246291403, 1808.18463664036, 1311.62456434686, 3760.61107625719, 
2167.20664303284, 666.82751046028, 3207.35869603232, 1658.91065297183, 
2435.06764713675, 2867.15685122181, 1470.67029809114, 684.994874289259, 
1990.15504296403), N_rec = c(6L, 12L, 9L, 3L, 4L, 5L, 5L, 3L, 
7L, 6L, 5L, 9L, 6L, 5L, 6L, 4L, 5L, 3L, 3L, 9L, 2L, 7L, 4L, 2L, 
9L, 4L, 3L, 7L, 1L, 4L, 5L, 6L, 7L, 3L, 3L, 2L, 7L, 8L, 6L, 4L, 
6L, 4L, 6L, 10L, 5L, 5L, 4L, 3L, 8L, 3L, 6L, 5L, 7L, 3L, 3L, 
10L, 7L, 2L, 9L, 3L, 6L, 4L, 5L, 6L, 5L, 14L, 10L, 4L, 4L, 6L, 
4L, 4L, 1L, 1L, 3L, 9L, 4L, 7L, 7L, 3L, 4L, 10L, 7L, 6L, 4L, 
5L, 9L, 10L, 3L, 4L, 3L, 8L, 3L, 8L, 8L, 8L, 4L, 11L, 8L, 9L, 
7L, 3L, 4L, 8L, 4L, 7L, 1L, 6L, 2L, 11L, 4L, 8L, 8L, 3L, 3L, 
6L, 6L, 5L, 10L, 6L, 6L, 5L, 5L, 6L, 3L, 6L, 4L, 6L, 5L, 7L, 
8L, 5L)), row.names = c(NA, -132L), class = "data.frame")
