structure(list(Mese = c(1L, 2L, 3L, 4L, 5L, 6L, 7L, 8L, 9L, 10L, 
11L, 12L, 1L, 2L, 3L, 4L, 5L, 6L, 7L, 8L, 9L, 10L, 11L, 12L, 
1L, 2L, 3L, 4L, 5L, 6L, 7L, 8L, 9L, 10L, 11L, 12L, 1L, 2L, 3L, 
4L, 5L, 6L, 7L, 8L, 9L, 10L, 11L, 12L, 1L, 2L, 3L, 4L, 5L, 6L, 
7L, 8L, 9L, 10L, 11L, 12L, 1L, 2L, 3L, 4L, 5L, 6L, 7L, 8L, 9L, 
10L, 11L, 12L, 1L, 2L, 3L, 4L, 5L, 6L, 7L, 8L, 9L, 10L, 11L, 
12L, 1L, 2L, 3L, 4L, 5L, 6L, 7L, 8L, 9L, 10L, 11L, 12L, 1L, 2L, 
3L, 4L, 5L, 6L, 7L, 8L, 9L, 10L, 11L, 12L, 1L, 2L, 3L, 4L, 5L, 
6L, 7L, 8L, 9L, 10L, 11L, 12L, 1L, 2L, 3L, 4L, 5L, 6L, 7L, 8L, 
9L, 10L, 11L, 12L), Anno = c(2009L, 2009L, 2009L, 2009L, 2009L, 
2009L, 2009L, 2009L, 2009L, 2009L, 2009L, 2009L, 2010L, 2010L, 
2010L, 2010L, 2010L, 2010L, 2010L, 2010L, 2010L, 2010L, 2010L, 
2010L, 2011L, 2011L, 2011L, 2011L, 2011L, 2011L, 2011L, 2011L, 
2011L, 2011L, 2011L, 2011L, 2012L, 2012L, 2012L, 2012L, 2012L, 
2012L, 2012L, 2012L, 2012L, 2012L, 2012L, 2012L, 2013L, 2013L, 
2013L, 2013L, 2013L, 2013L, 2013L, 2013L, 2013L, 2013L, 2013L, 
2013L, 2014L, 2014L, 2014L, 2014L, 2014L, 2014L, 2014L, 2014L, 
2014L, 2014L, 2014L, 2014L, 2015L, 2015L, 2015L, 2015L, 2015L, 
2015L, 2015L, 2015L, 2015L, 2015L, 2015L, 2015L, 2016L, 2016L, 
2016L, 2016L, 2016L, 2016L, 2016L, 2016L, 2016L, 2016L, 2016L, 
2016L, 2017L, 2017L, 2017L, 2017L, 2017L, 2017L, 2017L, 2017L, 
2017L, 2017L, 2017L, 2017L, 2018L, 2018L, 2018L, 2018L, 2018L, 
2018L, 2018L, 2018L, 2018L, 2018L, 2018L, 2018L, 2019L, 2019L, 
2019L, 2019L, 2019L, 2019L, 2019L, 2019L, 2019L, 2019L, 2019L, 
2019L), Budget = c(2472.84070972819, 1489.82768214773, 1872.1986800665, 
2854.5485874638, 1067.62883544434, 879.756662179716, 2367.05480492674, 
861.196851241402, 826.963298371993, 2739.73799718078, 2474.14852993097, 
1569.37781826127, 1431.03160965256, 2713.75276357867, 3407.65241743065, 
679.744653403759, 3973.17262657452, 577.305175014772, 1129.43611165974, 
1650.42226202786, 3492.13500868063, 1145.26109630242, 3283.74845883809, 
3505.98248397, 2152.06836850848, 2768.7099375762, 1637.64589594211, 
2131.48110336624, 3798.42549294699, 1359.12504524458, 578.59970733989, 
3884.7514068475, 1410.17099935561, 2789.37525779475, 763.834331417456, 
3892.36134651583, 3714.88763345405, 3538.53387676645, 1985.32641190104, 
3233.61191595905, 1549.67062443029, 1513.08475947008, 3997.45841592085, 
3954.63022775948, 2180.16219418496, 3167.96273179352, 1650.14173754025, 
1326.83596538845, 2662.51010634005, 1691.5724290302, 704.368596663699, 
3936.81037786882, 2908.14042591956, 3517.63777318411, 2115.93419278506, 
941.095194779336, 2881.03405840229, 569.820748176426, 1070.35523885861, 
3635.35542285535, 1036.05210594833, 1405.24557768367, 1354.08638080116, 
1591.52717585675, 1274.3634134531, 606.91394994501, 3660.6281317072, 
3857.89112502243, 3799.97031507082, 2086.55013993848, 2031.82750847191, 
675.581517163664, 1759.37443925068, 3638.25422641821, 1798.72108530253, 
2261.49753946811, 2346.5975712752, 1095.94522777479, 2385.0957187824, 
886.727057746612, 2649.36762035359, 2407.41749445442, 1296.70042381622, 
3655.28028411791, 1194.8425284354, 1976.34241147898, 3595.26650304906, 
1333.70296307839, 1520.70709387772, 3567.38344335463, 2666.75366251729, 
3500.54563791491, 2170.49516376574, 3629.80835977942, 1091.74274862744, 
2673.74548199587, 3029.66185403056, 1165.75657192152, 2490.50425796304, 
2850.35964637063, 3717.23814541474, 1639.45894234348, 2413.63224608358, 
517.469125217758, 1795.40649487171, 2731.67498619296, 2633.62453551963, 
3364.0225919662, 912.621288211085, 2821.75184891094, 1205.62539342791, 
2554.00839517824, 2932.74492549244, 2349.00851757266, 1793.32528531086, 
2944.65341942851, 2157.96560049057, 1307.82746814657, 2089.47143820114, 
777.171717141755, 1401.88200806733, 2439.28175256588, 576.159276068211, 
1238.85722318664, 2727.37687279005, 3009.4081988791, 3219.01841915678, 
756.229978753254, 845.619300147519, 3812.38446140196, 3758.09192738961, 
3725.08039558306), N_rec = c(6L, 4L, 10L, 9L, 4L, 3L, 6L, 6L, 
7L, 5L, 7L, 9L, 5L, 7L, 4L, 4L, 1L, 5L, 5L, 6L, 5L, 8L, 3L, 7L, 
6L, 4L, 5L, 7L, 5L, 7L, 11L, 4L, 4L, 5L, 6L, 3L, 7L, 4L, 1L, 
8L, 6L, 1L, 9L, 3L, 12L, 3L, 7L, 9L, 3L, 8L, 8L, 0L, 4L, 4L, 
10L, 15L, 3L, 8L, 8L, 7L, 9L, 7L, 5L, 10L, 9L, 6L, 3L, 5L, 5L, 
6L, 9L, 8L, 4L, 0L, 9L, 3L, 4L, 6L, 6L, 6L, 6L, 8L, 5L, 4L, 7L, 
6L, 2L, 9L, 6L, 6L, 7L, 4L, 1L, 6L, 3L, 5L, 2L, 8L, 2L, 7L, 5L, 
5L, 3L, 3L, 2L, 7L, 4L, 2L, 6L, 5L, 9L, 4L, 3L, 7L, 9L, 11L, 
7L, 5L, 7L, 7L, 4L, 6L, 13L, 5L, 5L, 4L, 1L, 4L, 6L, 1L, 1L, 
2L)), row.names = c(NA, -132L), class = "data.frame")
